0,Choupo-Moting,0,2001.39,2001.39,2001.39,2001.39,1,3,2000
1,Coman,0,1099.57,2059.03,2072.99,2094.39,8,2.875,2000
2,Davies,0,486.692,2043.79,2045.71,2041.78,16,1,2000
3,Fein,0,1999.62,1999.62,1999.62,1999.62,0,0,2000
4,Gnabry,0,497.567,2115.3,2122.74,2130.76,14,2.92857,2000
5,Goretzka,0,816.342,2070.71,2077.09,2070.71,10,2,2000
6,Hernandez,0,541.196,2066.33,2070.58,2068.36,14,1,2000
7,Kimmich,0,483.514,2051.93,2050.48,2049.39,16,1.875,2000
8,Lewandowski,0,329.609,2104.62,2122.02,2139.76,19,3,2000
9,M.Tillman,0,2005.74,2005.74,2005.74,2005.74,0,0,2000
10,Mueller,0,330.189,2124.35,2141.46,2120.02,20,2.1,2000
11,Musiala,0,971.531,2016.14,2029.39,2047.21,8,2.5,2000
12,Neuer,0,2100.85,405.031,405.031,405.031,18,0,2000
13,Nianzou,0,1812.39,1994.28,2002.14,2006.52,1,1,2000
14,Pavard,0,648.15,2041.17,2036.33,2029.47,13,1,2000
15,Roca,0,1322.81,2016.12,2024.31,2016.12,4,2,2000
16,Sabitzer,0,1199.23,2003.14,1992.09,2000.63,6,1.66667,2000
17,Sane,0,530.4,2028.85,2035.9,2038.41,14,2.92857,2000
18,Sarr,0,2026.19,2026.19,2026.19,2026.19,0,0,2000
19,Stanisic,0,1474.55,2018.58,2014.65,2011.23,3,1,2000
20,Sule,0,539.243,2037.29,2054,2059.18,13,1,2000
21,Tolisso,0,1203.3,2040.83,2052.85,2040.83,5,2,2000
22,Ulreich,0,1917.77,1570.18,1570.18,1570.18,6,0,2000
23,Upamecano,0,601.698,2030.69,2047.82,2053.29,14,1,2000
24,Wanner,0,1999.62,1999.62,1999.62,1999.62,0,0,2000
0,Adams,1,975.01,2023.43,2033.07,2023.43,9,2,2000
1,Clark,1,1998.62,1998.62,1998.62,1998.62,0,0,2000
2,Forsberg,1,636.489,1980.84,1995.2,2015.38,12,2.58333,2000
3,Gulacsi,1,2066.5,298.825,298.825,298.825,22,0,2000
4,Gvardiol,1,472.29,2032.84,2023.53,2012.89,14,1,2000
5,Haidara,1,887.571,2027.09,2031.29,2019.86,11,2.18182,2000
6,Halstenberg,1,1834.38,2019.88,2026.79,2030.63,2,1,2000
7,Henrichs,1,1068.18,1986.49,1982.45,1986.49,6,2,2000
8,Kampl,1,444.914,2080.29,2063.41,2080.29,18,2,2000
9,Klostermann,1,532.503,2039.08,2048.86,2037.33,15,1.13333,2000
10,Laimer,1,956.291,1981.81,1983.15,1981.81,7,2,2000
11,Mukiele,1,902.453,2028.02,2049.31,2058.63,10,1.5,2000
12,Nkunku,1,388.74,2029.78,2046.69,2050.68,18,2.88888,2000
13,Novoa,1,1836.66,2039.57,2040.09,2040.33,1,3,2000
14,Olmo,1,1224.32,2039.12,2027.48,2036.18,7,2.42857,2000
15,Orban,1,402.899,2079.72,2090.28,2090.24,18,1,2000
16,Poulsen,1,1085.99,2031.32,2047.46,2070.77,6,3,2000
17,Samardzic,1,1973.56,1973.56,1973.56,1973.56,0,0,2000
18,Silva,1,437.526,2058.78,2068.16,2074.6,17,3,2000
19,Simakan,1,581.196,2024.09,2017.54,2009.3,12,1,2000
20,Sorloth,1,1807.18,1998.58,1994.04,1985.24,4,3,2000
21,Szoboszlai,1,866.229,1979.97,1984.78,2000.14,8,2.74999,2000
22,Tasende(Angelino),1,534.494,2036.17,2051.08,2053.8,15,1.86666,2000
23,Tschauner,1,1974.2,1974.2,1974.2,1974.2,0,0,2000
0,Arnold,2,323.575,2020.54,1973.98,2020.54,20,2,2000
1,Baku,2,441.635,2055.8,2043.92,2039.5,17,2.29412,2000
2,Bialek,2,2001.15,2001.15,2001.15,2001.15,0,0,2000
3,Bornauw,2,513.958,1975.95,1976.09,1971.56,15,1,2000
4,Brekalo,2,1863.46,2066.17,2068.68,2072.2,2,3,2000
5,Brooks,2,532.791,2037.09,2041.38,2039.2,15,1,2000
6,Casteels,2,2038.89,356.927,356.927,356.927,19,0,2000
7,Gerhardt,2,791.892,2010.62,2019.51,2021.14,11,2,2000
8,Kruse,2,353.948,2053.19,2075.11,2095.5,19,2.89473,2000
9,L.Waldschmidt,2,789.266,1992.67,1975.57,1958.53,9,2.88889,2000
10,Lacroix,2,357.981,2028.43,2047.72,2053.02,18,1,2000
11,Lukebakio,2,872.679,1979.36,1967.57,1965.45,8,2.875,2000
12,Mbabu,2,717.031,1980.99,1992.89,1996.46,11,1,2000
13,Nmecha,2,1075.97,1991.9,1979.74,1980.54,6,2.66667,2000
14,Otavio,2,1328.09,1997.56,1988.56,1997.36,5,1.2,2000
15,Paredes,2,2010.62,2010.62,2010.62,2010.62,0,0,2000
16,Pervan,2,1971.67,1791.77,1791.77,1791.77,1,0,2000
17,Phillip,2,800.53,2001.88,1980.54,1994.87,11,2.18182,2000
18,Roussillon,2,798.068,2008.47,2014.73,2021.5,10,1.3,2000
19,Schlager,2,1210.35,2016.91,2008.44,2016.91,7,2,2000
20,Steffen,2,901.193,2059.71,2050.93,2014.78,8,2.875,2000
21,Vranckx,2,1074.38,1992.33,1978.31,2006,6,2.33333,2000
22,Wind,2,1810.46,2013.5,2018.43,2026.04,1,3,2000
0,Ache,3,1991.79,1991.79,1991.79,1991.79,0,0,2000
1,Barkok,3,1830.19,2031.69,2035.64,2041.63,2,3,2000
2,Borre_Maury,3,472.184,2019.54,2041.19,2065.65,14,2.92857,2000
3,Chandler,3,707.577,1994.42,1982.07,1990.49,11,1.90909,2000
4,Da_Costa,3,1114.62,2086.12,2083.58,2076.82,8,1.875,2000
5,Dost,3,1995.58,1995.58,1995.58,1995.58,0,0,2000
6,Durm,3,1054.37,1974.99,1965.27,1957.98,7,1.28571,2000
7,Hasebe,3,901.305,2036.48,2035.13,2049.23,9,1.33333,2000
8,Hauge,3,1198.02,2000.9,1994.19,1980.03,5,3,2000
9,Hinteregger,3,441.451,2066.98,2067.05,2061.58,17,1,2000
10,Hrustic,3,1319.09,1987.19,1977.82,1987.19,4,2,2000
11,Ilsanker,3,1582.29,1961.37,1953.81,1948.61,3,1,2000
12,Jakic,3,876.491,2029.83,2049.56,2029.83,8,2,2000
13,Jovic,3,1809.68,2005.01,2004.9,2004.12,2,3,2000
14,Kamada,3,536.346,2061.74,2077.15,2090.16,15,2.73333,2000
15,Knauff,3,1974.03,1974.03,1974.03,1974.03,0,0,2000
16,Kostic,3,476.019,1998.32,1985.1,2005.94,16,2.25,2000
17,Lammers,3,1327.66,2004.85,2002.95,1997.44,4,3,2000
18,Lenz,3,1114.02,2076.61,2076.31,2063.3,8,1.625,2000
19,Lindstroem,3,522.78,2012.84,2025.18,2047.44,13,2.92308,2000
20,N'Dicka,3,388.495,1991.74,2009.57,2014.5,18,1,2000
21,Ramaj,3,2004.5,1801.94,1801.94,1801.94,1,0,2000
22,Rode,3,1054.5,1973.59,1975.77,1973.59,7,2,2000
23,Schubert,3,1991.79,1991.79,1991.79,1991.79,0,0,2000
24,Silva_Melo(Tuta),3,713.317,1994.1,2004.79,2007.61,11,1,2000
25,Sow,3,346.431,1993.69,1994.71,1993.69,19,2,2000
26,Toure,3,1639.69,2029.6,2039.37,2029.6,2,2,2000
27,Trapp,3,2014.42,353.201,353.201,353.201,19,0,2000
28,Zuber,3,1993.51,1993.51,1993.51,1993.51,0,0,2000
0,Adli,4,1193.42,2019.09,2035.16,2042.93,5,2.8,2000
1,Alario,4,2003.82,2003.82,2003.82,2003.82,0,0,2000
2,Andrich,4,648.912,2041.47,2051.21,2041.47,13,2,2000
3,Aranguiz,4,789.135,2023.32,2049.7,2023.32,10,2,2000
4,Arias,4,1986.9,1986.9,1986.9,1986.9,0,0,2000
5,Azmoun,4,2029.61,2029.61,2029.61,2029.61,0,0,2000
6,Bailey,4,1836.42,2032.23,2028.98,2023.03,3,3,2000
7,Bakker,4,643.481,2012.2,2011.73,2007.5,11,1,2000
8,Baumgartlinger,4,2022.96,2022.96,2022.96,2022.96,0,0,2000
9,Bellarabi,4,972.65,2016.35,2026.63,2039.56,8,3,2000
10,Demirbay,4,472.81,2027.81,2051.78,2027.81,15,2,2000
11,Diaby,4,394.509,2070.15,2103.75,2152.37,17,2.94118,2000
12,Dragovic,4,1629.26,2011.59,2006.45,2002.72,3,1,2000
13,Fosu-Mensah,4,1988.24,1988.24,1988.24,1988.24,0,0,2000
14,Frimpong,4,426.574,1992.75,2001.81,2001.88,16,1.0625,2000
15,Gray,4,1967.48,1967.48,1967.48,1967.48,0,0,2000
16,Grill,4,1994.63,1788.5,1788.5,1788.5,1,0,2000
17,Hincapie,4,872.971,2006.71,2008.5,2006.69,8,1,2000
18,Hradecky,4,2053.34,361.599,361.599,361.599,19,0,2000
19,Jedvaj,4,2010.01,2010.01,2010.01,2010.01,0,0,2000
20,Kossounou,4,717.223,2004.03,2008.03,2006.86,10,1,2000
21,L.Bender,4,2040.78,2040.78,2040.78,2040.78,0,0,2000
22,Palacios,4,1100.58,2063.57,2082.21,2063.57,8,2,2000
23,Paulinho,4,1186.22,1996.68,2009.91,2028.96,5,3,2000
24,S.Bender,4,2045.77,2045.77,2045.77,2045.77,1,1,2000
25,Schick,4,318.653,2043.59,2075.46,2117.73,20,3,2000
26,Sinkgraven,4,1652.51,2040.38,2036.45,2033.43,4,1.25,2000
27,Tah,4,316.961,2014.81,2018.46,2014.13,20,1,2000
28,Tapsoba,4,1224.5,2043.47,2049.03,2050.56,7,1,2000
29,Weiser,4,1982.67,1982.67,1982.67,1982.67,0,0,2000
30,Wendell,4,1816.49,2013.51,2012.88,2013.51,1,2,2000
31,Wirtz,4,426.388,2028.13,2046.73,2028.04,16,2.12501,2000
0,Akanji,5,491.145,1991.06,2031.36,2049.98,17,1,2000
1,Bellingham,5,362.698,2081.19,2071.09,2070.25,20,2.05,2000
2,Brandt,5,720.447,2041.29,2047.69,2057.16,10,2.4,2000
3,Burki,5,2026.18,1649.06,1649.06,1649.06,2,0,2000
4,Can,5,888.298,2028.94,2020.15,2026.41,11,1.72727,2000
5,Dahoud,5,402.7,2072.47,2048.6,2072.47,17,2,2000
6,Delaney,5,2055.99,2055.99,2055.99,2055.99,0,0,2000
7,Guerreiro,5,541.713,2002.81,2032.31,2052.14,16,1.0625,2000
8,Haaland,5,442.596,2083.82,2103.19,2126.27,17,3,2000
9,Hazard,5,1331.08,2016.61,2023.86,2032.99,6,2.83333,2000
10,Hitz,5,2031.1,1674.04,1674.04,1674.04,5,0,2000
11,Hummels,5,541.288,2052.45,2062.46,2063.29,15,1,2000
12,Kobel,5,1999.71,389.659,389.659,389.659,18,0,2000
13,Malen,5,642.597,2009.89,2016.07,2019.79,11,3,2000
14,Meunier,5,480.768,1987.98,2009.86,2025.19,14,1.07143,2000
15,Morey,5,2020.97,2020.97,2020.97,2020.97,0,0,2000
16,Moukoko,5,1794.83,1987.95,1984.27,1977.53,1,3,2000
17,Passlack,5,1626.41,1979.32,1989.63,1995.11,2,1,2000
18,Pisczek,5,1658.54,2020.13,2028.15,2031.88,5,1,2000
19,Pongracic,5,1468.34,1993.06,1998.99,2001.46,4,1,2000
20,Reus,5,323.84,2056.48,2063.6,2105.37,21,2.66667,2000
21,Reyna,5,1254.58,2084.18,2073.38,2097.36,8,2.5,2000
22,Schmelzer,5,1990.85,1990.85,1990.85,1990.85,0,0,2000
23,Schulz,5,1071.81,1973.45,1985.04,1989.83,6,1,2000
24,Witsel,5,802.193,1994.47,2021.12,2026.98,9,1.55556,2000
25,Wolf,5,1342.43,2019.58,2007.21,2009.79,6,2.16667,2000
26,Zagadou,5,1452.64,1982.45,1984.76,1985.06,3,1,2000
0,Awoniyi,6,586.377,2019.58,2023.59,2023.13,12,3,2000
1,Baumgartl,6,579.357,2020.54,2016,2008.94,12,1,2000
2,Becker,6,1095.68,2038.47,2027.67,2027.08,6,2.33333,2000
3,Behrens,6,1728.22,1919.8,1922.51,1926.46,1,3,2000
4,Bulter,6,2020.62,2020.62,2020.62,2020.62,0,0,2000
5,Dajaku,6,2006.54,2006.54,2006.54,2006.54,0,0,2000
6,Endo,6,2013.75,2013.75,2013.75,2013.75,1,3,2000
7,Gentner,6,1640.27,2008.83,2002.59,2008.83,3,2,2000
8,Giesselmann,6,471.993,2013.25,2017.13,2009.65,14,1.85714,2000
9,Gogia,6,2006.54,2006.54,2006.54,2006.54,0,0,2000
10,Haraguchi,6,565.897,1958.37,1972.49,1976.14,16,2.4375,2000
11,Heintz,6,1448.8,1969.63,1976.69,1979.86,4,1,2000
12,Jaeckel,6,617.094,1954.53,1938.62,1925.3,15,1,2000
13,Jensen,6,2006.54,2006.54,2006.54,2006.54,0,0,2000
14,Khedira,6,308.726,2004.03,2038.11,2004.03,18,2,2000
15,Knoche,6,290.796,2078.94,2068.48,2055.21,21,1,2000
16,Luthe,6,2055.88,320.969,320.969,320.969,20,0,2000
17,Michel,6,1573.46,1936.96,1944.35,1955.55,5,3,2000
18,Mohwald,6,1785.19,1970.51,1960.98,1970.51,3,2,2000
19,Musa,6,1645,2020.59,2017.03,2009.92,3,3,2000
20,Oczipka,6,1173.2,1987.74,2006.53,1989.15,5,1.8,2000
21,Oeztunali,6,1179.36,1981.98,1981.41,1981.98,5,2,2000
22,Pohjanpalo,6,1839.3,2035.46,2032.19,2026.13,2,3,2000
23,Promel,6,583.258,2051.8,2076.39,2051.8,13,2,2000
24,Ronnow,6,2008.81,1801.85,1801.85,1801.85,1,0,2000
25,Ryerson,6,969.567,2010.28,2016.96,2009.6,8,1.875,2000
26,Schaefer,6,2032.58,2032.58,2032.58,2032.58,0,0,2000
27,Trimmel,6,590.861,2050.18,2047.7,2047.28,13,1.84615,2000
28,Ujah,6,2006.54,2006.54,2006.54,2006.54,0,0,2000
29,Voglsammer,6,945.695,1959.49,1967.73,1977.37,8,3,2000
0,Chang-Hoon,7,1992.18,1992.18,1992.18,1992.18,0,0,2000
1,Demirovic,7,990.606,2049.98,2056.87,2063.51,9,3,2000
2,Flekken,7,2053.89,346.758,346.758,346.758,17,0,2000
3,Grifo,7,321.2,2074.69,2097.98,2073.15,18,2.38888,2000
4,Gulde,7,981.325,2015.87,2018.46,2017.14,8,1,2000
5,Gunter,7,288.515,2033.34,2022.77,2026.9,21,1.38096,2000
6,Haberer,7,1296.05,1961.95,1957.65,1961.95,4,2,2000
7,Hofler,7,356.661,2078.84,2093.9,2078.84,18,2,2000
8,Holer,7,349.889,2017.88,2021.31,2016.23,20,2.95,2000
9,K.Schlotterbeck,7,1321.89,1995.7,1997.98,1997.94,5,1,2000
10,Keitel,7,1055.21,1972.05,1987.35,1972.05,7,2,2000
11,Kubler,7,346.078,2011.69,2017.3,2004.79,17,1.2353,2000
12,Lienhart,7,291.476,2071.45,2066.89,2056.82,21,1,2000
13,M.Eggestein,7,576.843,1999.13,2001.48,1999.13,15,2,2000
14,N.Schlotterbeck,7,439.299,2082.73,2076.42,2066.75,17,1,2000
15,Petersen,7,1620.04,1995.5,2005.3,2020.47,2,3,2000
16,Sallai,7,784.172,2002.24,2019.32,1991.14,11,2.36364,2000
17,Santamaria,7,1807.83,2004.28,2005.07,2004.28,2,2,2000
18,Schade,7,1074.12,2011.65,2015.35,2008.68,6,2.16667,2000
19,Schmid,7,1647.73,2023.88,2003.41,2013.43,4,1.75,2000
20,Sildillia,7,1807.86,2003.42,2001.2,2003.42,1,2,2000
21,Siquet,7,2036.58,2036.58,2036.58,2036.58,0,0,2000
22,Til,7,1989.05,1989.05,1989.05,1989.05,0,0,2000
23,Uphoff,7,1968.26,1611.55,1611.55,1611.55,2,0,2000
24,Woo-Yeong,7,636.784,1979.92,1981.98,1984.85,11,2.90909,2000
0,Ahamada,8,1975.43,1975.43,1975.43,1975.43,2,2,2000
1,Aidonis,8,2000.62,2000.62,2000.62,2000.62,0,0,2000
2,Anton,8,388.081,2012.98,2017.49,2014.47,18,1,2000
3,Badstuber,8,2000.62,2000.62,2000.62,2000.62,0,0,2000
4,Bredlow,8,1996.56,1611.15,1611.15,1611.15,2,0,2000
5,Churlinov,8,2000.62,2000.62,2000.62,2000.62,0,0,2000
6,Coulibaly,8,779.508,1984.03,1984.75,1968.89,11,2.45455,2000
7,Didavi,8,1795.15,1988.32,1988.79,1989,1,3,2000
8,Egloff,8,2000.62,2000.62,2000.62,2000.62,0,0,2000
9,Endo,8,316.099,2009.87,2004.93,2009.87,20,2,2000
10,Forster,8,648.307,2016.99,2020.57,2023.83,13,2.92308,2000
11,Fuehrich,8,748.809,1903.93,1907.75,1934.26,11,2.63636,2000
12,Gonzalez,8,1982.27,1982.27,1982.27,1982.27,0,0,2000
13,Grahl,8,2000.62,2000.62,2000.62,2000.62,0,0,2000
14,Ito,8,710.795,2013.59,2002.62,2004.16,10,1.1,2000
15,Kalajdzic,8,1095.24,2041.61,2043.12,2041.96,8,3,2000
16,Kaminski,8,2002.67,2002.67,2002.67,2002.67,0,0,2000
17,Karazor,8,790.76,2037.87,2059.41,2029.57,10,1.8,2000
18,Klimovicz,8,1081.15,2003.6,2000.35,2004.47,7,2.85714,2000
19,Mack,8,2000.62,2000.62,2000.62,2000.62,0,0,2000
20,Mangala,8,651.106,2022.8,2003.19,2026.87,11,2.09091,2000
21,Marmoush,8,694.395,1943.61,1945.19,1941.98,14,3,2000
22,Massimo,8,704.466,1968.83,1966.47,1968.83,12,2,2000
23,Mavropanos,8,356,2040.46,2044.7,2040.97,18,1,2000
24,Mola,8,2000.62,2000.62,2000.62,2000.62,0,0,2000
25,Muller,8,2010.27,436.246,436.246,436.246,17,0,2000
26,Nartey,8,1627.52,2011.63,2018.43,2011.63,2,2,2000
27,Sosa,8,484.53,2049.27,2054.56,2053.51,14,1.92857,2000
28,Stenzel,8,1803.29,2006.84,2004.36,2002.52,1,1,2000
29,Thommy,8,1803.95,2001.69,2004.92,2009.7,1,3,2000
30,Tibidi,8,1623.99,2000.34,1999.08,1995.75,2,3,2000
31,Tomas,8,2008.61,2008.61,2008.61,2008.61,0,0,2000
32,Wamangituka,8,1818.51,2015,2010.3,2015,1,2,2000
0,Benes,9,1608.6,1975.76,1969.12,1975.76,3,2,2000
1,Bensebaini,9,889.6,1992.35,2016.84,2027.34,10,1.1,2000
2,Beyer,9,1195.84,2005.66,2005.59,2003.76,5,1,2000
3,Doucoure,9,1981.99,1981.99,1981.99,1981.99,0,0,2000
4,Elvedi,9,393.146,2017.46,2030.46,2032.44,18,1,2000
5,Embolo,9,649.511,2029.69,2030.41,2024.96,12,3,2000
6,Friedrich,9,436.954,2062.11,2058.68,2051.09,17,1,2000
7,Ginter,9,393.558,2031.36,2039.03,2037.75,18,1,2000
8,Herrmann,9,1472.59,2006.87,2004.88,1999.79,3,3,2000
9,Hofman,9,603.929,2064.09,2043.35,2015.49,13,2.6923,2000
10,Jantschke,9,1458.44,2023.04,2008.49,1998.72,3,1,2000
11,Kone,9,711.23,2002.1,1991.86,2002.1,10,2,2000
12,Kramer,9,1078.45,2007.24,2008.03,2007.24,7,2,2000
13,Kurt,9,1981.99,1981.99,1981.99,1981.99,0,0,2000
14,Lainer,9,726.504,2026.07,2021.14,2034.45,12,1.5,2000
15,Lang,9,1981.99,1981.99,1981.99,1981.99,0,0,2000
16,Lazaro,9,1840.96,2030.77,2021.34,2030.77,3,2,2000
17,Netz,9,789.551,2010.11,2010.3,1999.45,9,2.11111,2000
18,Neuhaus,9,606.017,2072.2,2047.74,2064.06,14,2.21429,2000
19,Plea,9,820.591,2068.31,2057.63,2034.21,10,3,2000
20,Scally,9,584.295,2014.22,2007.32,2006.94,12,1.5,2000
21,Sippel,9,2006.06,2006.06,2006.06,2006.06,1,0,2000
22,Sommer,9,2014.31,317.968,317.968,317.968,19,0,2000
23,Stindl,9,528.034,1998.96,1987.22,2004.05,13,2.53846,2000
24,Thuram,9,1106.15,2046.42,2035.93,2014.79,8,3,2000
25,Traore,9,1981.99,1981.99,1981.99,1981.99,0,0,2000
26,Villalba,9,1981.99,1981.99,1981.99,1981.99,0,0,2000
27,Wendt,9,1977.94,1977.94,1977.94,1977.94,0,0,2000
0,Akpoguma,10,638.975,1996.58,1996.08,1990.1,11,1.45455,2000
1,Baumann,10,2037.35,323.213,323.213,323.213,20,0,2000
2,Baumgartner,10,596.119,2072.26,2091.03,2112.34,13,2.61537,2000
3,Bebou,10,471.212,2012.94,2032.1,2063.12,16,2.875,2000
4,Beier,10,1976.1,1976.1,1976.1,1976.1,0,0,2000
5,Bikakcic,10,1997.47,1997.47,1997.47,1997.47,0,0,2000
6,Bruun_Larsen,10,1188.13,1990.08,1994.04,2000.85,5,2.8,2000
7,Che,10,2013.61,2013.61,2013.61,2013.61,0,0,2000
8,Dabbur,10,781.392,2005.06,2025.07,2026.12,9,2.88889,2000
9,Geiger,10,636.694,1992.86,1987.86,1992.86,11,2,2000
10,Grillitsch,10,902.068,2063.5,2049.36,2053.52,10,1.7,2000
11,Hubner,10,1604.05,1978.71,1978.59,1977.8,2,1,2000
12,Kaderabek,10,808.154,2022.51,2041.37,2041.98,11,1.36364,2000
13,Kramaric,10,388.694,2017.28,2022.74,2080.27,18,2.6111,2000
14,Nordtveit,10,2003.34,2003.34,2003.34,2003.34,0,0,2000
15,Nuhu,10,2020.99,2020.99,2020.99,2020.99,0,0,2000
16,Pentke,10,1977.29,1783.49,1783.49,1783.49,1,0,2000
17,Posch,10,480.485,2021.85,2031.25,2031.76,16,1,2000
18,Raum,10,303.163,1940.78,1969.18,1952.11,22,1.54545,2000
19,Richards,10,660.226,2042.76,2055.75,2059.47,13,1,2000
20,Rudy,10,1315.3,1991.98,1993.96,1991.98,4,2,2000
21,Rutter,10,1169.59,1966.87,1967.3,1965.09,5,3,2000
22,Samassekou,10,804.36,2049.17,2063,2049.17,11,2,2000
23,Sessegnon,10,1630.71,1984.55,1993.71,1998.51,4,1,2000
24,Skov,10,1475.74,2020.03,2032.72,2025.28,5,2.8,2000
25,Stiller,10,856.597,1985.58,1983.79,1974.9,8,1.875,2000
26,Vogt,10,418.857,1952.77,1966.33,1969.16,15,1,2000
0,Agu,11,2037.35,2037.35,2037.35,2037.35,0,0,2000
1,Augustinsson,11,1625.75,2018.82,2007.44,1999.55,5,1.4,2000
2,Bittencourt,11,1633.93,2000.19,1993.45,2000.19,2,2,2000
3,Dinkci,11,2016.84,2016.84,2016.84,2016.84,0,0,2000
4,Erras,11,2015.71,2015.71,2015.71,2015.71,0,0,2000
5,Friedl,11,2026.48,2026.48,2026.48,2026.48,2,1,2000
6,Fullkrug,11,1648.82,2019.37,2014.33,2004.14,5,3,2000
7,Gebre_Selassie,11,1635.48,2030.83,2019.45,2011.56,5,1.4,2000
8,Gross,11,1602.55,1970.71,1973.97,1970.71,4,1.75,2000
9,Mbom,11,2034.7,2043.91,2053.93,2043.91,1,2,2000
10,Moisander,11,1618.84,2010.29,1998.91,1991.03,5,1,2000
11,Osako,11,1992.24,1992.24,1992.24,1992.24,0,0,2000
12,Pavlenka,11,2048.29,1650.64,1650.64,1650.64,5,0,2000
13,Rashica,11,2001.84,2001.84,2001.84,2001.84,2,3,2000
14,Sargent,11,1651.06,2022.13,2017.1,2006.9,5,2.8,2000
15,Schmid,11,2035.99,2035.99,2035.99,2035.99,0,0,2000
16,Toprak,11,1821.69,2008.07,2013.92,2017.07,1,1,2000
17,Veljkovic,11,1868.3,2033.99,2026.75,2025.68,3,1,2000
18,Woltemade,11,2015.71,2015.71,2015.71,2015.71,0,0,2000
19,Zetterer,11,2015.71,2015.71,2015.71,2015.71,0,0,2000
0,Bazee,12,1982,1982,1982,1982,0,0,2000
1,Caligiuri,12,771.639,1961.65,1968.64,1961.65,10,2,2000
2,Cordova,12,1778.56,1973.35,1974.8,1976.64,1,3,2000
3,Dorsch,12,468.024,2001.86,2010.84,2001.86,14,2,2000
4,Finnbogason,12,1976.54,1976.54,1976.54,1976.54,1,3,2000
5,Framberger,12,967.377,2030.03,2011.8,2001.84,8,1.25,2000
6,Gikiewicz,12,2029.01,315.478,315.478,315.478,20,0,2000
7,Gouweleeuw,12,470.496,2032.14,2006.92,1995.84,15,1.06667,2000
8,Gregoritsch,12,1065.16,1996.84,2007.15,2020.73,6,3,2000
9,Gruezo,12,1590.79,1954.37,1951.99,1954.37,4,2,2000
10,Gumny,12,350.573,2021.88,2016.5,2007.19,18,1,2000
11,Hahn,12,420.038,1983.9,2011.09,1995.58,16,2.62498,2000
12,Iago,12,473.199,2050.59,2028.06,2009.55,15,1,2000
13,Jensen,12,1607.47,1974.03,1969.62,1974.03,2,2,2000
14,Koubek,12,1982,1982,1982,1982,0,0,2000
15,Maier,12,701.372,1981.59,1982.57,1981.59,12,2,2000
16,Moravek,12,1072.22,2010.11,2029.53,2010.11,7,2,2000
17,Niederlechner,12,873.677,1992.2,1999.06,2005.8,9,3,2000
18,Oxford,12,424.242,2054.76,2023.58,1999.62,17,1,2000
19,Pedersen,12,1175.78,1960.1,1957.18,1967.4,6,1.66667,2000
20,Pepi,12,1623.73,2001.02,2001.28,2000.52,2,3,2000
21,Seong-Hoon,12,1982,1982,1982,1982,0,0,2000
22,Strobl,12,1603.64,1972.65,1971.83,1972.65,3,2,2000
23,Suchy,12,1979.28,1979.28,1979.28,1979.28,1,1,2000
24,Uduokhai,12,1206.8,1994.97,2011.32,2019.36,6,1,2000
25,Vargas,12,377.302,1963.6,1971.95,1964.54,17,2.41176,2000
26,Winther,12,1807.03,1985.95,1995.49,2000.88,1,1,2000
27,Zeqiri,12,971.632,2010.11,2013.85,2012.82,7,2.85714,2000
0,Andersson,13,713.406,1992.19,1989.02,1977.84,11,3,2000
1,Arokodare,13,1990.85,1990.85,1990.85,1990.85,0,0,2000
2,Arrey_Mbi,13,1999.62,1999.62,1999.62,1999.62,0,0,2000
3,Chabot,13,2009.61,2009.61,2009.61,2009.61,0,0,2000
4,Dennis,13,1995.17,1995.17,1995.17,1995.17,0,0,2000
5,Drexler,13,1812.79,2007.89,2005.88,2001.99,2,2.5,2000
6,Duda,13,525.953,2017.85,2020.75,2024.17,15,2.13333,2000
7,Ehizibue,13,1460.46,1957.32,1973.97,1982.88,4,1,2000
8,Hector,13,422.085,2025.36,1992,1982.33,17,1.23529,2000
9,Hoger,13,1981.02,1981.02,1981.02,1981.02,0,0,2000
10,Horn,13,1998.45,710.009,710.009,710.009,12,0,2000
11,Horn,13,1781.76,1958.67,1966.64,1971.08,3,1,2000
12,Huebers,13,749.173,1966.63,1936.81,1915.84,9,1,2000
13,Jakobs,13,1814.38,2030.97,2021.29,2015.1,1,1,2000
14,Kainz,13,351.015,2042.81,2061.62,2036.52,18,2.11112,2000
15,Kilian,13,858.141,1998.27,1986.07,1975.94,8,1,2000
16,Limnios,13,1987.19,1987.19,1987.19,1987.19,0,0,2000
17,Ljubicic,13,644.619,2035.96,2063.42,2050.61,11,2.18183,2000
18,Meyer,13,1976.46,1976.46,1976.46,1976.46,0,0,2000
19,Modeste,13,385.872,2016.04,2032.51,2050.28,16,3,2000
20,Ozcan,13,705.065,2012.21,2027.99,2012.21,10,2,2000
21,Perez,13,1185.93,1984.45,1986.19,1985.48,5,1,2000
22,Schaub,13,1321.68,2019.62,2031.03,2019.62,4,2,2000
23,Schindler,13,1725.89,1917.06,1915.98,1915,1,1,2000
24,Schmitz,13,421.758,2039.49,2013.96,1993.35,16,1,2000
25,Schwaebe,13,2033.14,872.981,872.981,872.981,8,0,2000
26,Skhiri,13,717.32,2015.41,2029.05,2016,12,1.91667,2000
27,Thielmann,13,1191.27,2011.25,2022.84,2013.41,5,2.2,2000
28,Uth,13,627.641,1967.3,1992.62,2020.37,11,2.63635,2000
29,Zieler,13,1990.85,1990.85,1990.85,1990.85,0,0,2000
0,Albrecht,14,1975.09,1975.09,1975.09,1975.09,0,0,2000
1,Alderette,14,1607.9,2004.02,1989.52,1979.76,3,1,2000
2,Ascacibar,14,426.721,1998.24,1987.65,1998.24,16,2,2000
3,Belfodil,14,690.816,1963.3,1982.62,2009.02,10,3,2000
4,Bjoerkan,14,1998.62,1998.62,1998.62,1998.62,0,0,2000
5,Boyata,14,518.202,2000.71,1989.94,1978.56,14,1,2000
6,Cordoba,14,1796.61,1987.96,1985.96,1981.38,2,3,2000
7,Cunha,14,1618.98,1982.83,1978.36,1984.88,3,2.66667,2000
8,Dardai,14,971.094,1993.33,2005.58,2000.68,9,1.22222,2000
9,Darida,14,515.489,1998.32,2008.29,1998.32,13,2,2000
10,Dilrosun,14,1452.41,1979.39,1984.84,1999.64,4,2.5,2000
11,Ekkelenkamp,14,1320.86,2009.36,2013.69,2007.39,4,2.25,2000
12,Gechter,14,1812.36,2011.82,2012.34,2012.29,1,1,2000
13,Guendouzi,14,2007.59,2026.49,2046.91,2026.49,2,2,2000
14,Jarstein,14,1994.74,1994.74,1994.74,1994.74,0,0,2000
15,Jovetic,14,970.317,2005.71,2011.68,2017.47,7,3,2000
16,K.Boateng,14,1324.35,2002.63,2002.89,2002.63,4,2,2000
17,Kempf,14,651.814,2010.27,2016.78,2016.68,13,1,2000
18,Klunter,14,1194.84,2046.99,2041.78,2020.35,6,1.16667,2000
19,Leckie,14,1602.51,1965.67,1962.14,1955.1,2,3,2000
20,Lee,14,2008.61,2008.61,2008.61,2008.61,0,0,2000
21,Maolida,14,967.564,2006.96,2008.8,2009.64,7,2.71428,2000
22,Mittelstadt,14,774.863,1970.53,1988.56,1995.47,10,1.4,2000
23,Ngankam,14,1775.54,1964.55,1959.54,1950.66,1,3,2000
24,Nsona,14,1998.62,1998.62,1998.62,1998.62,0,0,2000
25,Pekarik,14,776.018,1985.1,1979.84,1973.16,10,1,2000
26,Plattenhardt,14,712.463,1979.56,1978.81,1985.93,10,1.3,2000
27,Radonkic,14,1605.61,1972.45,1975.42,1978.59,3,3,2000
28,Redan,14,1975.09,1975.09,1975.09,1975.09,0,0,2000
29,Richter,14,633.153,2005.32,2042.89,2049.39,12,2.33334,2000
30,Schwolow,14,2001.05,255.03,255.03,255.03,22,0,2000
31,Selke,14,977.765,2004.46,1999.91,1987.53,8,3,2000
32,Serdar,14,505.128,1941.91,1957.22,1968.91,14,2.42857,2000
33,Stark,14,383.096,1985.72,1990.36,1987.13,17,1,2000
34,Tousart,14,639.572,1969.07,1977.33,1984,12,1.91667,2000
0,Andrade,15,1190.18,2021.83,2014.11,2007.7,5,1,2000
1,Bello,15,1998.62,1998.62,1998.62,1998.62,0,0,2000
2,Brunner,15,319.146,2073.18,2054.25,2036.37,19,1,2000
3,Castro,15,2031.09,2031.09,2031.09,2031.09,1,3,2000
4,Consbruch,15,1974.15,1974.15,1974.15,1974.15,0,0,2000
5,De_Medina,15,1581.5,1947.89,1948.01,1947.41,3,1,2000
6,Doan,15,1570.07,1927.79,1928.16,1927.7,4,3,2000
7,Edmundsson,15,1974.15,1974.15,1974.15,1974.15,0,0,2000
8,Frommann,15,1974.15,1974.15,1974.15,1974.15,0,0,2000
9,Gebauer,15,1969.86,1969.86,1969.86,1969.86,1,2,2000
10,Hack,15,927.607,1916.71,1926.27,1921.63,8,2.37501,2000
11,Hartel,15,1945.95,1945.95,1945.95,1945.95,0,0,2000
12,Ince,15,1998.62,1998.62,1998.62,1998.62,0,0,2000
13,Kapino,15,1943.19,1405.8,1405.8,1405.8,6,0,2000
14,Klos,15,569.191,1942.24,1943.24,1938.02,14,3,2000
15,Krueger,15,745.915,1908.88,1930.1,1966.82,13,2.92308,2000
16,Kunze,15,953.119,1970.4,1972.63,1970.4,7,2,2000
17,Lasme,15,1277.94,1930.19,1927.06,1924.42,4,2.75,2000
18,Laursen,15,775.121,1983.4,1971.39,1961.08,9,1,2000
19,Nilsson,15,317.96,2065.69,2046.59,2028.64,20,1,2000
20,Okugawa,15,315.735,2042.38,2076.79,2047.93,20,2.30001,2000
21,Ortega_Moreno,15,2030.38,348.523,348.523,348.523,19,0,2000
22,Pieper,15,384.45,2040.15,2017.92,1998.94,18,1,2000
23,Prietl,15,521.516,1992,2004.98,1992,15,2,2000
24,Ramos,15,1809.4,2011.31,2010.45,2009.58,1,1,2000
25,Rehnen,15,1974.15,1974.15,1974.15,1974.15,0,0,2000
26,Schipplock,15,1961.73,1961.73,1961.73,1961.73,0,0,2000
27,Schopf,15,514.75,1988.3,2002.41,1988.3,13,2,2000
28,Serra,15,847.681,1950.95,1971.4,2000.33,11,3,2000
29,Soukoou,15,1958.29,1958.29,1958.29,1958.29,0,0,2000
30,Van_der_Hoorn,15,1953.55,1953.55,1953.55,1953.55,0,0,2000
31,Vasilladis,15,1189.1,2022.83,2039.4,2022.83,5,2,2000
32,Vlap,15,1966.57,1966.57,1966.57,1966.57,0,0,2000
33,Wimmer,15,452.963,1933.04,1954.9,1975.31,18,2.16667,2000
34,Yabo,15,1980.3,1980.3,1980.3,1980.3,0,0,2000
0,Barreiro,16,328.763,2086.21,2073.02,2086.21,21,2,2000
1,Bell,16,355.815,2040.01,2050.05,2049.43,19,1,2000
2,Boetius,16,866.141,1978.75,1976.35,1978.84,10,2.1,2000
3,Brosinski,16,1299.25,1962.96,1948.02,1956.74,5,1.8,2000
4,Burgzorg,16,2009.62,2009.62,2009.62,2009.62,0,0,2000
5,Burkardt,16,382.844,1987.24,1990.61,1986.7,17,3,2000
6,Caricol,16,1804.21,2008.64,2016.46,2008.64,1,2,2000
7,Dahmen,16,1961.05,1765.65,1765.65,1765.65,1,0,2000
8,Fernandes,16,1962.44,1962.44,1962.44,1962.44,0,0,2000
9,Glatzel,16,1788.99,1984.03,1985.28,1986.76,1,3,2000
10,Hack,16,578.061,2005.4,2003.06,1997.36,13,1,2000
11,Hanin,16,1980.97,1980.97,1980.97,1980.97,0,0,2000
12,Ingvartsen,16,1072.49,1983.93,1979.09,1980.09,8,2.37501,2000
13,Kohr,16,1112.95,2051.29,2036.56,2051.29,8,2,2000
14,Latza,16,1812.19,2012.2,2014.82,2012.2,2,2,2000
15,Lee,16,505.544,1914.88,1892.05,1904.62,16,2.12501,2000
16,Lucoqui,16,798.056,2039.46,2013.05,2012.74,11,1.45455,2000
17,Malong,16,1951.28,1951.28,1951.28,1951.28,0,0,2000
18,Martin,16,786.512,2005.91,2003.93,2005.91,9,2,2000
19,Mwene,16,1882.8,2077.6,2069.15,2077.6,4,2,2000
20,Nebel,16,1612.13,1980.65,1978.96,1980.65,2,2,2000
21,Niakhate,16,436.291,2056.46,2056.2,2050.15,18,1,2000
22,Onisiwo,16,430.84,2030.21,2037.13,2039,18,3,2000
23,Papela,16,1980.97,1980.97,1980.97,1980.97,0,0,2000
24,Quaison,16,1778.25,1970.41,1970.7,1970.61,2,3,2000
25,St_Juste,16,801.429,2032.32,2031.43,2027.29,12,1,2000
26,Stach,16,709.847,2010.28,2008.16,2010.28,10,2,2000
27,Stoger,16,1773.63,1969.02,1969.31,1969.21,1,3,2000
28,Szalai,16,1617.42,1985.87,1982.38,1975.38,3,3,2000
29,Tauer,16,1454.39,1978.11,1972.75,1978.11,3,2,2000
30,Widmer,16,347.947,2003.95,2027.38,2019.95,17,1.70587,2000
31,Zentner,16,2026.83,319.386,319.386,319.386,21,0,2000
0,Aydin,17,1785.14,1989.51,1999.9,1989.51,2,2,2000
1,Becker,17,1484.06,2014.27,2015.96,2017.5,3,1.33333,2000
2,Bentaleb,17,1976.53,1976.53,1976.53,1976.53,0,0,2000
3,Boujellab,17,1987.9,1987.9,1987.9,1987.9,0,0,2000
4,Bozdogan,17,2022.88,2022.88,2022.88,2022.88,0,0,2000
5,Calhanoglu,17,1984.15,1984.15,1984.15,1984.15,0,0,2000
6,Fahrmann,17,1995.7,1471.5,1471.5,1471.5,4,0,2000
7,Flick,17,1590.85,1964.35,1973.94,1964.35,2,2,2000
8,Harit,17,1444.87,1979.56,1995.55,1996.01,4,2.5,2000
9,Hoppe,17,1619.44,1991.25,1994.54,1992.72,2,2.5,2000
10,Huntelaar,17,1631.17,2008.22,2015.59,2026.68,3,3,2000
11,Idrizi,17,1584.62,1956.66,1966.25,1956.66,2,2,2000
12,Kolasinac,17,1779.52,1971.94,1971.15,1971.94,2,2,2000
13,Ludewig,17,1991.35,1991.35,1991.35,1991.35,0,0,2000
14,Mascarell,17,1952.09,1952.09,1952.09,1952.09,1,2,2000
15,Mendyl,17,1809.86,2000.17,2002.78,2003.99,1,1,2000
16,Mercan,17,2010.69,2010.69,2010.69,2010.69,0,0,2000
17,Mustafi,17,1473.65,1998.59,2002.16,2003.23,4,1,2000
18,Nastasic,17,1981.39,1981.39,1981.39,1981.39,0,0,2000
19,Paciencia,17,1972.42,1972.42,1972.42,1972.42,1,3,2000
20,Raman,17,1961.94,1961.94,1961.94,1961.94,0,0,2000
21,Ronnow,17,1787.76,1983.35,1985.86,1983.35,1,2,2000
22,Sane,17,1459.58,1987.04,1990.53,1987.88,3,1.33333,2000
23,Skrzybski,17,2000.58,2000.58,2000.58,2000.58,0,0,2000
24,Stambouli,17,1796.57,1994.28,2000.67,2010.73,2,2,2000
25,Thiaw,17,1999.84,1999.84,1999.84,1999.84,1,1,2000
26,William,17,1786.19,1981.6,1984.12,1981.6,1,2,2000
0,Antwi-Adjei,18,940.453,1937.87,1933.73,1922.8,10,2.9,2000
1,Asano,18,1030.88,1930.75,1941.42,1943.92,6,2.83333,2000
2,Bella_Kotchap,18,498.34,1982.82,1947.11,1921.31,17,1,2000
3,Blum,18,1947.37,1947.37,1947.37,1947.37,2,3,2000
4,Bockhorn,18,1149.5,1972.12,1948.37,1932.48,8,1.25,2000
5,Bonga,18,1563.79,1923.35,1927.9,1934.38,2,3,2000
6,Chibsah,18,1920.13,1920.13,1920.13,1920.13,0,0,2000
7,Decarli,18,1920.13,1920.13,1920.13,1920.13,0,0,2000
8,Drewes,18,1919.87,1556.74,1556.74,1556.74,3,0,2000
9,Eisfeld,18,1720.85,1909.14,1910.23,1909.14,2,2.5,2000
10,Ekincier,18,1920.13,1920.13,1920.13,1920.13,0,0,2000
11,Esser,18,1887.84,1533.69,1533.69,1533.69,6,0,2000
12,Gamboa,18,829.185,1984.86,1945.29,1918.9,12,1,2000
13,Hartwig,18,1920.13,1920.13,1920.13,1920.13,0,0,2000
14,Holtmann,18,373.175,1945.72,1964.03,1985.37,20,3,2000
15,Lampropoulos,18,843.971,1964.55,1945.44,1931.26,8,1,2000
16,Leitsch,18,675.119,1987.31,1948.13,1921.27,14,1,2000
17,Locadia,18,1461.78,2004.13,2010,2017.99,3,3,2000
18,Loewen,18,1074.97,2017.39,2028.99,2017.39,6,2,2000
19,Losilla,18,334.515,1980.19,2033.67,1980.19,21,2,2000
20,Masovic,18,932.236,1984.11,1955.14,1935.39,7,1,2000
21,Osterhage,18,1623.78,2008.46,2015.51,2008.46,2,2,2000
22,Pantovic,18,550.908,1940.97,1970.35,1951.15,13,2.53846,2000
23,Polter,18,581.314,2007.78,2014.54,2018.67,12,3,2000
24,Rexhbecaj,18,351.439,2077.25,2123.86,2077.25,18,2,2000
25,Riemann,18,2038.79,368.011,368.011,368.011,19,0,2000
26,Soares,18,299.956,2020.36,1965.75,1926.92,20,1,2000
27,Stafylidis,18,863.12,2002.01,1991.3,1982.06,8,1,2000
28,Tesche,18,1032.29,1938.88,1958.63,1938.88,10,2,2000
29,Weilandt,18,1920.13,1920.13,1920.13,1920.13,0,0,2000
30,Zoller,18,1043.9,1938.24,1948.22,1961.44,10,3,2000
31,Zulj,18,1582.59,1953.98,1963.29,1953.98,5,2.6,2000
0,Abiama,19,1270.02,1924.07,1930.8,1939.76,4,3,2000
1,Asta,19,1728.17,1911.21,1915.31,1917.43,1,1,2000
2,Barry,19,1729.9,1912.12,1915.75,1917.6,1,1,2000
3,Bauer,19,507.273,1969.59,1947.76,1930.21,17,1,2000
4,Berggreen,19,1918.26,1918.26,1918.26,1918.26,0,0,2000
5,Burchert,19,1982.2,410.25,410.25,410.25,19,0,2000
6,Cavar,19,1918.26,1918.26,1918.26,1918.26,0,0,2000
7,Christiansen,19,968.396,2025.77,2039.66,2025.77,7,2,2000
8,Dudziak,19,680.07,1924.31,1934.98,1951.41,12,2.75,2000
9,Ernst,19,1575.69,1937.39,1942.67,1950.31,5,2.6,2000
10,Funk,19,1918.72,1407.88,1407.88,1407.88,3,0,2000
11,Green,19,947.428,1965.54,1986.32,1965.54,11,2.27273,2000
12,Griesbeck,19,480.53,2052.49,2042.67,2042.16,14,1.42857,2000
13,Hrgota,19,340.56,1959.73,1976.72,2003.35,21,2.95238,2000
14,Itter,19,1031.44,1930.7,1923.83,1918.39,7,1.14286,2000
15,Jung,19,1729.16,1915.6,1916.54,1916.75,1,1,2000
16,Kehr,19,1918.26,1918.26,1918.26,1918.26,0,0,2000
17,Leweling,19,927.068,1925.12,1931.41,1946.07,7,2.85714,2000
18,Linde,19,1978.64,1978.64,1978.64,1978.64,0,0,2000
19,Mavraj,19,1918.26,1918.26,1918.26,1918.26,0,0,2000
20,Meyerhofer,19,372.251,1991.6,1959.6,1935.67,20,1.05,2000
21,Nielsen,19,630.882,1957.71,1972.82,1991.26,15,2.86666,2000
22,Pululu,19,1988.63,1988.63,1988.63,1988.63,0,0,2000
23,Raschl,19,1990.85,1990.85,1990.85,1990.85,0,0,2000
24,Seguin,19,338.496,1977.26,2006.42,1977.26,21,2,2000
25,Stach,19,1418.28,1932.14,1932.25,1932.14,6,2,2000
26,T.Tillman,19,613.462,1930.37,1932.96,1919.34,11,2.09091,2000
27,Viergever,19,789.251,2025.63,2018.26,2010.61,9,1,2000
28,Willems,19,639.215,2028.72,2014.32,2001.76,11,1,2000
0,Ambrosius,20,1932.91,1932.91,1932.91,1932.91,3,1,2000
1,David,20,1945.02,1945.02,1945.02,1945.02,0,0,2000
2,Gjasula,20,1929.48,1927.73,1926.73,1927.73,2,2,2000
3,Gyamerah,20,1746.2,1922.67,1929.47,1933.2,2,1.5,2000
4,Heil,20,1945.02,1945.02,1945.02,1945.02,0,0,2000
5,Heuer_Fernandes,20,1945.02,1945.02,1945.02,1945.02,0,0,2000
6,Heyer,20,1738.35,1913.94,1920.74,1924.48,4,1.25,2000
7,Hunt,20,1916.05,1914.31,1913.31,1914.31,4,2,2000
8,Jatta,20,1752.03,1937.94,1933.14,1937.94,2,2.5,2000
9,Kinsombi,20,1746.2,1931.46,1926.66,1931.46,2,2,2000
10,Kittel,20,1741.23,1924.09,1918.5,1921.42,5,2.8,2000
11,Kwarteng,20,1945.02,1945.02,1945.02,1945.02,0,0,2000
12,Leibold,20,1741.59,1919.15,1924.77,1927.46,5,1.2,2000
13,Leistner,20,1759.59,1939.16,1944.78,1947.45,3,1,2000
14,Meissner,20,1716.24,1903.99,1906.32,1909.66,1,3,2000
15,Narey,20,1946.93,1945.07,1944.29,1942.42,1,3,2000
16,Onana,20,1755.12,1941.37,1936.57,1941.37,1,2,2000
17,Terodde,20,1741.23,1929.89,1931.45,1932.91,5,3,2000
18,Vagnoman,20,1934.8,1936.39,1935.22,1934.17,4,1,2000
19,Van_Drongelen,20,1946.93,1948.52,1947.35,1946.3,1,1,2000
20,Wintzheimer,20,1933.06,1931.21,1930.41,1928.53,3,3,2000
0,Arslan,21,1753.57,1952.57,1962.93,1952.57,12,0.166667,2000
1,Awuku,21,1942.13,1942.13,1942.13,1942.13,0,0,2000
2,Bartels,21,1295.74,1952.65,1958.56,1977.09,6,2.66667,2000
3,Dahne,21,1943.27,1295.19,1295.19,1295.19,7,0,2000
4,Dehm,21,1583.42,1939.19,1942.17,1942.94,4,1,2000
5,Gelios,21,1942.13,1942.13,1942.13,1942.13,0,0,2000
6,Girth,21,1752.09,1942.61,1943.9,1945.48,1,3,2000
7,Hauptmann,21,1763.89,1948.06,1941.46,1948.06,4,2,2000
8,Ignjovski,21,1942.13,1942.13,1942.13,1942.13,0,0,2000
9,Kirkeskov,21,1942.13,1942.13,1942.13,1942.13,0,0,2000
10,Komenda,21,1944.03,1943.83,1943.55,1943.04,1,1,2000
11,Lorenz,21,1295.11,1942.65,1947.04,1947.94,7,1,2000
12,Mees,21,1945.92,1945.92,1945.92,1945.92,1,2,2000
13,Meffert,21,1298.24,1950.15,1944.11,1950.15,7,2,2000
14,Muhling,21,1428.57,1944.21,1944.76,1944.21,3,2,2000
15,Neumann,21,1587.17,1945.57,1946.98,1947.14,3,1,2000
16,Porath,21,1757.08,1949.89,1956.46,1966.83,2,2.5,2000
17,Reese,21,1434.07,1948.67,1947.99,1956.14,5,2.6,2000
18,Sterner,21,1942.13,1942.13,1942.13,1942.13,0,0,2000
19,Thesker,21,1942.13,1942.13,1942.13,1942.13,0,0,2000
20,Van_den_Bergh,21,1293.86,1940.95,1945.62,1947.03,6,1,2000
21,Wahl,21,1295.11,1942.65,1947.04,1947.94,7,1,2000
0,Appelkamp,22,1584.98,1952.73,1959.6,1950.85,2,2.5,2000
1,Bodzek,22,1609.96,1975.18,1974.03,1975.18,5,2,2000
2,Borrello,22,1927.5,1927.5,1927.5,1927.5,1,2,2000
3,Danso,22,1594.38,1939.76,1948.43,1952.59,6,1,2000
4,Gul,22,1944.92,1944.92,1944.92,1944.92,0,0,2000
5,Hartherz,22,1944.92,1944.92,1944.92,1944.92,0,0,2000
6,Hennings,22,1944.92,1944.92,1944.92,1944.92,0,0,2000
7,Hoffmann,22,1944.92,1944.92,1944.92,1944.92,0,0,2000
8,Iyoha,22,1754.3,1946.61,1949.71,1954.32,1,3,2000
9,Karaman,22,1584.98,1939.34,1934.04,1947.05,2,2.5,2000
10,Kastenmeier,22,1941.68,1594.98,1594.98,1594.98,6,0,2000
11,Klarer,22,1754.3,1955.96,1950.54,1946.94,1,1,2000
12,Klaus,22,1600.75,1965.45,1967.96,1971.3,5,2.6,2000
13,Koutris,22,1594.38,1939.76,1948.43,1952.59,6,1,2000
14,Kownacki,22,1763.82,1953.72,1956.5,1960,5,3,2000
15,Krajnc,22,1767.32,1928.73,1942.81,1950.58,5,1,2000
16,Ofori,22,1944.92,1944.92,1944.92,1944.92,0,0,2000
17,Peterson,22,1946.93,1946.07,1945.98,1946.07,4,2.25,2000
18,Piotrowski,22,1927.5,1927.5,1927.5,1927.5,1,2,2000
19,Pledl,22,1944.92,1944.92,1944.92,1944.92,0,0,2000
20,Prib,22,1768.93,1950.19,1941.68,1950.19,5,2,2000
21,Siebert,22,1944.92,1944.92,1944.92,1944.92,0,0,2000
22,Sobottka,22,1766.34,1965,1972.27,1965,5,2,2000
23,Touglo,22,1944.92,1944.92,1944.92,1944.92,0,0,2000
24,Wolf,22,1944.92,1944.92,1944.92,1944.92,0,0,2000
25,Zimmermann,22,1594.38,1939.76,1948.43,1952.59,6,1,2000
0,Burnic,23,1942.98,1942.98,1942.98,1942.98,0,0,2000
1,Busch,23,1572.41,1930.94,1931.52,1931.18,6,1.16667,2000
2,Eicher,23,1918.02,1918.02,1918.02,1918.02,0,0,2000
3,Fohrenbach,23,1573.55,1932.36,1932.94,1932.6,6,1,2000
4,Geipl,23,1926.84,1926.84,1926.84,1926.84,1,2,2000
5,Husing,23,1573.55,1941.7,1939.69,1939.46,6,1.33333,2000
6,Kerschbaumer,23,1582.31,1949.44,1955.72,1953.6,2,2.5,2000
7,Kleindienst,23,1758.07,1948.9,1950.05,1951.4,5,3,2000
8,Kuehlwetter,23,1575.87,1927.84,1933.36,1936.97,5,2.6,2000
9,Leipertz,23,1750.71,1940.74,1941.89,1943.24,5,2.2,2000
10,Mainka,23,1743.35,1939.94,1936.16,1933.55,5,1,2000
11,Mohr,23,1940.36,1940.36,1940.36,1940.36,4,2,2000
12,Mollo,23,1753.4,1944.74,1946.52,1948.9,1,3,2000
13,Muller,23,1941.2,1744.32,1744.32,1744.32,5,0,2000
14,Pick,23,1942.98,1942.98,1942.98,1942.98,0,0,2000
15,Ramusovic,23,1942.98,1942.98,1942.98,1942.98,0,0,2000
16,Rittmueller,23,1942.98,1942.98,1942.98,1942.98,0,0,2000
17,Schimmer,23,1753.4,1938.86,1933.58,1938.86,1,2,2000
18,Schnatterer,23,1753.4,1938.86,1933.58,1938.86,1,2,2000
19,Schoeppner,23,1765.24,1961.19,1965.7,1961.19,4,2,2000
20,Sessa,23,1940.29,1940.29,1940.29,1940.29,2,2.5,2000
21,Stark,23,1942.98,1942.98,1942.98,1942.98,0,0,2000
22,Steurer,23,1942.98,1942.98,1942.98,1942.98,0,0,2000
23,Theuerkauf,23,1753.4,1938.86,1933.58,1938.86,1,2,2000
24,Thiel,23,1941.16,1753.4,1753.4,1753.4,1,0,2000
25,Thomalla,23,1587.36,1946.33,1955.2,1952.96,5,2.4,2000
0,Aremu,24,1928.46,1928.46,1928.46,1928.46,1,2,2000
1,Avevor,24,1941.98,1941.98,1941.98,1941.98,0,0,2000
2,Becker,24,1778.95,1960.79,1951.19,1960.79,5,2,2000
3,Benatelli,24,1616.48,1966.93,1948.77,1966.93,5,2,2000
4,Brodersen,24,1941.98,1941.98,1941.98,1941.98,0,0,2000
5,Buballa,24,1941.98,1941.98,1941.98,1941.98,0,0,2000
6,Buchtmann,24,1941.98,1941.98,1941.98,1941.98,0,0,2000
7,Burgstaller,24,1589.76,1946.27,1939.21,1926.31,5,3,2000
8,Coordes,24,1941.98,1941.98,1941.98,1941.98,0,0,2000
9,Daschner,24,1941.98,1941.98,1941.98,1941.98,0,0,2000
10,Dittgen,24,1763.36,1952.48,1949.12,1942.93,2,3,2000
11,Dzwigala,24,1945.43,1945.43,1945.43,1945.43,1,1,2000
12,Knoll,24,1941.98,1941.98,1941.98,1941.98,0,0,2000
13,Kyereh,24,1599.65,1958.46,1951.42,1938.52,6,3,2000
14,Lawrence,24,1592.04,1930.04,1942.48,1949.26,5,1,2000
15,Makienok,24,1941.98,1941.98,1941.98,1941.98,0,0,2000
16,Matanovic,24,1941.98,1941.98,1941.98,1941.98,0,0,2000
17,Miyaichi,24,1941.98,1941.98,1941.98,1941.98,0,0,2000
18,Ohlsson,24,1941.98,1941.98,1941.98,1941.98,0,0,2000
19,Paqarada,24,1594.83,1933.48,1945.93,1952.71,6,1,2000
20,Reginiussen,24,1939.81,1939.81,1939.81,1939.81,1,1,2000
21,Smarsch,24,1893.5,1711.92,1711.92,1711.92,1,0,2000
22,Smith,24,1941.98,1941.98,1941.98,1941.98,0,0,2000
23,Stojanovic,24,1938.55,1767.59,1767.59,1767.59,5,0,2000
24,Viet,24,1752.4,1934.58,1926.03,1934.58,1,2,2000
25,Wieckhoff,24,1941.98,1941.98,1941.98,1941.98,0,0,2000
26,Zalazar,24,1605.53,1953.41,1935.25,1953.41,6,2,2000
27,Zander,24,1594.83,1933.48,1945.93,1952.71,6,1,2000
28,Ziereis,24,1596.59,1935.65,1948.09,1954.87,5,1,2000
0,Amaechi,25,1929.16,1929.16,1929.16,1929.16,0,0,2000
1,Batmaz,25,1563.06,1933.97,1948.59,1933.97,3,2.33333,2000
2,Bormuth,25,1929.16,1929.16,1929.16,1929.16,0,0,2000
3,Breithaupt,25,1565.34,1937.88,1955.11,1937.88,5,2,2000
4,Carlson,25,1929.16,1929.16,1929.16,1929.16,0,0,2000
5,Choi,25,1918.9,1918.9,1918.9,1918.9,2,2,2000
6,Dinger,25,1929.16,1929.16,1929.16,1929.16,0,0,2000
7,FEHLER,25,1929.16,1929.16,1929.16,1929.16,0,0,2000
8,Froede,25,1929.16,1929.16,1929.16,1929.16,0,0,2000
9,Gersbeck,25,1935.24,1578.49,1578.49,1578.49,6,0,2000
10,Goller,25,1931.04,1929.78,1929.87,1929.44,1,3,2000
11,Gondorf,25,1566.78,1939.67,1956.88,1939.67,6,2,2000
12,Gordon,25,1931.04,1935.54,1932.9,1930.99,1,1,2000
13,Groiá,25,1929.16,1929.16,1929.16,1929.16,0,0,2000
14,Gueye,25,1931.04,1929.78,1929.87,1929.44,1,3,2000
15,Hanek,25,1929.16,1929.16,1929.16,1929.16,0,0,2000
16,Heise,25,1576.44,1927.94,1931.54,1932.67,5,1,2000
17,Hofmann,25,1565.71,1929.92,1944.48,1967.07,5,3,2000
18,Jung,25,1585.56,1939.21,1942.8,1943.92,4,1,2000
19,Kobald,25,1577.96,1934.33,1935.29,1934.5,6,1,2000
20,Kother,25,1918.9,1918.9,1918.9,1918.9,2,2,2000
21,Kuster,25,1929.16,1929.16,1929.16,1929.16,0,0,2000
22,Lorenz,25,1932.92,1931.76,1932.69,1931.42,2,2.5,2000
23,Pisot,25,1929.16,1929.16,1929.16,1929.16,0,0,2000
24,Rabold,25,1929.16,1929.16,1929.16,1929.16,0,0,2000
25,Thiede,25,1565.99,1942.21,1955.05,1937.65,5,1.6,2000
26,Trivunic,25,1929.16,1929.16,1929.16,1929.16,0,0,2000
27,Wanitzek,25,1566.78,1937.42,1952.97,1937.07,6,2.16667,2000
0,Akolo,26,1943.66,1943.66,1943.66,1943.66,1,3,2000
1,Ananou,26,1946.01,1946.01,1946.01,1946.01,3,1,2000
2,Buergy,26,1930.06,1930.06,1930.06,1930.06,0,0,2000
3,Collins,26,1592.98,1922.88,1940.07,1949.69,6,1,2000
4,Correia,26,1946.26,1946.26,1946.26,1946.26,1,1,2000
5,Doerfler,26,1580.03,1906.89,1924.09,1933.72,3,1,2000
6,Heller,26,1930.06,1930.06,1930.06,1930.06,0,0,2000
7,Huenemeier,26,1930.06,1930.06,1930.06,1930.06,0,0,2000
8,Huth,26,1940.2,1940.2,1940.2,1940.2,1,0,2000
9,Ingelsson,26,1741.65,1940.6,1950.97,1940.6,1,2,2000
10,Justvan,26,1587.85,1951.69,1952.46,1951.69,6,2.16667,2000
11,Nkaka,26,1592.98,1922.88,1940.07,1949.69,6,1,2000
12,Okoroji,26,1930.06,1930.06,1930.06,1930.06,0,0,2000
13,Owusu,26,1930.06,1930.06,1930.06,1930.06,0,0,2000
14,Proeger,26,1930.06,1930.06,1930.06,1930.06,0,0,2000
15,Schallenberg,26,1593.26,1958.36,1959.13,1958.36,6,2,2000
16,Schonlau,26,1579.82,1906.62,1923.82,1933.45,5,1,2000
17,Schulze,26,1930.06,1930.06,1930.06,1930.06,0,0,2000
18,Srbeny,26,1586.08,1952.53,1959.94,1971.15,6,3,2000
19,Terrazzino,26,1930.06,1930.06,1930.06,1930.06,0,0,2000
20,Thalhammer,26,1743.71,1923.76,1914.14,1923.76,3,2,2000
21,Vasiliadis,26,1950.89,1950.89,1950.89,1950.89,1,2,2000
22,Zingerle,26,1914.8,1585.36,1585.36,1585.36,5,0,2000
0,Ballas,27,1587.4,1923.42,1936.88,1944.27,5,1,2000
1,Baumgart,27,1927.17,1927.17,1927.17,1927.17,0,0,2000
2,Breitkreuz,27,1580.12,1914.43,1927.89,1935.28,5,1,2000
3,Bussmann,27,1747.1,1917.07,1926.68,1932.1,4,1.25,2000
4,Cacutalua,27,1927.17,1927.17,1927.17,1927.17,0,0,2000
5,Fandrich,27,1580.5,1925.6,1909.38,1925.6,4,2,2000
6,Gnjatic,27,1920.61,1920.61,1920.61,1920.61,2,2,2000
7,Gonther,27,1592.2,1929.34,1942.8,1950.18,6,1,2000
8,Haertel,27,1927.17,1927.17,1927.17,1927.17,0,0,2000
9,Hochscheidt,27,1915.69,1915.69,1915.69,1915.69,1,3,2000
10,Jeck,27,1927.17,1927.17,1927.17,1927.17,0,0,2000
11,Jonjic,27,1927.17,1927.17,1927.17,1927.17,0,0,2000
12,Kalig,27,1927.17,1927.17,1927.17,1927.17,0,0,2000
13,Klewin,27,1942.45,1942.45,1942.45,1942.45,1,0,2000
14,Maennel,27,1915.4,1580.53,1580.53,1580.53,5,0,2000
15,Majetschak,27,1927.17,1927.17,1927.17,1927.17,0,0,2000
16,Nazarov,27,1561.58,1902.26,1886.02,1902.26,6,2.66667,2000
17,Riese,27,1578.63,1923.28,1907.06,1923.28,5,2,2000
18,Rizzuto,27,1927.17,1927.17,1927.17,1927.17,0,0,2000
19,Samson,27,1914.37,1914.37,1914.37,1914.37,1,2,2000
20,Strauss,27,1761.62,1945.57,1949.41,1951.37,5,1.2,2000
21,Testroet,27,1561.58,1919.72,1923.27,1928.07,6,3,2000
22,Zolinski,27,1571.41,1931.84,1935.4,1940.2,4,3,2000
23,Zulechner,27,1927.17,1927.17,1927.17,1927.17,0,0,2000
0,Basdas,28,1739.29,1929.35,1927.86,1926.63,1,1,2000
1,Bijol,28,1727.76,1925.08,1934.39,1925.08,5,2,2000
2,Doumbouya,28,1925.24,1925.24,1925.24,1925.24,0,0,2000
3,Duksch,28,1429.75,1943.77,1943.89,1942.37,6,3,2000
4,Elez,28,1403.18,1942.99,1925.02,1914.6,6,1.33333,2000
5,Evina,28,1925.24,1925.24,1925.24,1925.24,0,0,2000
6,Falette,28,1548.87,1938.02,1920.7,1909.63,4,1,2000
7,Franke,28,1895.31,1895.31,1895.31,1895.31,4,1,2000
8,Frantz,28,1737.78,1931.25,1936.14,1931.25,1,2,2000
9,Gudra,28,1925.24,1925.24,1925.24,1925.24,0,0,2000
10,Hansen,28,1960.61,1567.66,1567.66,1567.66,2,0,2000
11,Hult,28,1553.36,1924.12,1915.69,1909.95,5,1,2000
12,Kaiser,28,1741.34,1928.01,1927.36,1928.01,4,2,2000
13,Lamti,28,1925.24,1925.24,1925.24,1925.24,0,0,2000
14,Maina,28,1755.54,1950.98,1955.87,1950.98,2,2.5,2000
15,Muroya,28,1544.74,1913.47,1905.04,1899.31,6,1,2000
16,Muslija,28,1433.1,1963.55,1977.11,1963.55,7,2.28571,2000
17,Ochs,28,1559.05,1930.12,1944.32,1930.12,3,1.66667,2000
18,Ratajczak,28,1925.24,1925.24,1925.24,1925.24,0,0,2000
19,Stehle,28,1925.24,1925.24,1925.24,1925.24,0,0,2000
20,Sulejmani,28,1925,1925,1925,1925,1,3,2000
21,Tarnat,28,1925.24,1925.24,1925.24,1925.24,0,0,2000
22,Twumasi,28,1925.24,1925.24,1925.24,1925.24,0,0,2000
23,Weydandt,28,1444.35,1963.77,1963.92,1962.4,6,3,2000
0,Arslan,29,1928.96,1928.96,1928.96,1928.96,0,0,2000
1,Bader,29,1586.23,1949.46,1948.57,1947.34,6,1,2000
2,Berko,29,1972.68,1972.68,1972.68,1972.68,4,3,2000
3,Campo,29,1928.96,1928.96,1928.96,1928.96,0,0,2000
4,Clemens,29,1739.91,1930.85,1934.27,1939.4,1,3,2000
5,Crosthwaite,29,1928.96,1928.96,1928.96,1928.96,0,0,2000
6,Dursun,29,1606.82,1974.13,1977.47,1981.88,6,3,2000
7,Herrmann,29,1928.96,1928.96,1928.96,1928.96,0,0,2000
8,Hoehn,29,1586.23,1949.46,1948.57,1947.34,6,1,2000
9,Holland,29,1586.23,1949.46,1948.57,1947.34,6,1,2000
10,Honsak,29,1586.95,1949.62,1952.95,1957.34,4,3,2000
11,Isherwood,29,1928.96,1928.96,1928.96,1928.96,0,0,2000
12,Kempe,29,1961.06,1961.06,1961.06,1961.06,3,3,2000
13,Klaus,29,1928.89,1928.89,1928.89,1928.89,2,0,2000
14,Mai,29,1576.7,1937.69,1936.8,1935.58,5,1,2000
15,Mehlem,29,1580.79,1948.39,1955.84,1948.39,3,2.33333,2000
16,Palsson,29,1612.95,1988.08,1995.55,1988.08,6,2,2000
17,Pfeiffer,29,1940.68,1940.68,1940.68,1940.68,1,1,2000
18,Platte,29,1928.96,1928.96,1928.96,1928.96,0,0,2000
19,Rapp,29,1609.77,1984.15,1991.62,1984.15,5,2,2000
20,Schnellhardt,29,1932.87,1932.87,1932.87,1932.87,1,2,2000
21,Schuhen,29,1950.35,1586.82,1586.82,1586.82,4,0,2000
22,Seydel,29,1928.96,1928.96,1928.96,1928.96,0,0,2000
23,Skarke,29,1763.83,1952.98,1952.89,1952.15,3,3,2000
24,Stanilewicz,29,1928.96,1928.96,1928.96,1928.96,0,0,2000
25,Vogler,29,1928.96,1928.96,1928.96,1928.96,0,0,2000
26,Wittek,29,1928.96,1928.96,1928.96,1928.96,0,0,2000
27,Zehnder,29,1928.96,1928.96,1928.96,1928.96,0,0,2000
0,Besong,30,1927.01,1927.01,1927.01,1927.01,0,0,2000
1,Borkowski,30,1921.76,1921.76,1921.76,1921.76,2,3,2000
2,Dovedan,30,1754.74,1944.26,1942.98,1940.28,2,3,2000
3,Fruechtl,30,1927.01,1927.01,1927.01,1927.01,0,0,2000
4,Geis,30,1768.47,1960.61,1960.28,1960.61,5,2,2000
5,Goden,30,1927.01,1927.01,1927.01,1927.01,0,0,2000
6,Handwerker,30,1763.78,1960.87,1958.3,1956.41,5,1,2000
7,Klandt,30,1927.01,1927.01,1927.01,1927.01,0,0,2000
8,Knothe,30,1927.01,1927.01,1927.01,1927.01,0,0,2000
9,Koepke,30,1927.01,1927.01,1927.01,1927.01,0,0,2000
10,Kraetschmer,30,1927.01,1927.01,1927.01,1927.01,0,0,2000
11,Krauss,30,1768.47,1960.61,1960.28,1960.61,5,2,2000
12,Latteier,30,1738.95,1926.72,1925.44,1922.73,1,3,2000
13,Lohkemper,30,1927.01,1927.01,1927.01,1927.01,0,0,2000
14,Margreitter,30,1758.5,1955,1952.43,1950.54,4,1,2000
15,Mathenia,30,1961.31,1764.12,1764.12,1764.12,5,0,2000
16,Moeller_Daehli,30,1941.78,1941.78,1941.78,1941.78,4,2.75,2000
17,Muehl,30,1932.86,1932.86,1932.86,1932.86,1,1,2000
18,Nuernberger,30,1957.32,1957.32,1957.32,1957.32,3,2,2000
19,Rosenloecher,30,1927.01,1927.01,1927.01,1927.01,0,0,2000
20,Schaeffler,30,1925.56,1925.56,1925.56,1925.56,1,3,2000
21,Schleusener,30,1925.56,1925.56,1925.56,1925.56,1,3,2000
22,Shuranov,30,1750.64,1939.71,1938.42,1935.72,4,3,2000
23,Soerensen,30,1763.78,1960.87,1958.3,1956.41,5,1,2000
24,Sorg,30,1927.01,1927.01,1927.01,1927.01,0,0,2000
25,Valentini,30,1763.78,1960.87,1958.3,1956.41,5,1,2000
0,Albers,31,1407.75,1917.71,1922.03,1927.55,6,3,2000
1,Baack,31,1922.24,1922.24,1922.24,1922.24,0,0,2000
2,Becker,31,1922.24,1922.24,1922.24,1922.24,0,0,2000
3,Beste,31,1414.41,1916.1,1920.88,1922.72,3,1,2000
4,Besuschkow,31,1401.52,1905.32,1902.64,1905.32,6,2,2000
5,Caliskaner,31,1555.94,1914.71,1921.59,1931.91,4,2.75,2000
6,Elvedi,31,1915.27,1915.27,1915.27,1915.27,3,1,2000
7,George,31,1566.07,1929.44,1934.1,1922.07,2,2.5,2000
8,Gimber,31,1554.33,1914.94,1919.87,1914.94,5,1.8,2000
9,Hein,31,1559.81,1922.43,1919.61,1917.23,3,1,2000
10,Heister,31,1922.24,1922.24,1922.24,1922.24,0,0,2000
11,Kennedy,31,1414.97,1916.86,1921.64,1923.48,5,1,2000
12,Kunz,31,1922.24,1922.24,1922.24,1922.24,0,0,2000
13,Makridis,31,1927.07,1927.07,1927.07,1927.07,2,2.5,2000
14,Meyer,31,1910.88,1409.85,1409.85,1409.85,6,0,2000
15,Moritz,31,1725.6,1904.93,1897.34,1904.93,2,2,2000
16,Nachreiner,31,1922.24,1922.24,1922.24,1922.24,0,0,2000
17,Opoku,31,1922.24,1922.24,1922.24,1922.24,0,0,2000
18,Otto,31,1912.42,1912.42,1912.42,1912.42,2,3,2000
19,Palionis,31,1922.24,1922.24,1922.24,1922.24,0,0,2000
20,Saller,31,1736.06,1908.96,1916.55,1920.76,3,1,2000
21,Schneider,31,1570.61,1928.95,1928.56,1928.95,4,2.25,2000
22,Stolze,31,1722.16,1907.14,1904.86,1907.14,2,2,2000
23,Vrenezi,31,1566.39,1914.65,1904.77,1914.65,2,2,2000
24,Waehling,31,1922.24,1922.24,1922.24,1922.24,0,0,2000
25,Wekesser,31,1409.32,1909.11,1913.89,1915.73,6,1,2000
0,Baschmann,32,1569.19,1929.99,1933.61,1930.58,3,1.66667,2000
1,Behrens,32,1595.31,1957.29,1954.44,1948.55,5,3,2000
2,Biada,32,1599.19,1962.07,1959.23,1953.34,5,2.8,2000
3,Borie,32,1925.94,1925.94,1925.94,1925.94,0,0,2000
4,Contento,32,1738.59,1923.33,1919.59,1923.33,1,2,2000
5,Dieckmann,32,1925.94,1925.94,1925.94,1925.94,0,0,2000
6,Diekmeier,32,1763.22,1950.7,1946.96,1950.7,4,2,2000
7,Esswein,32,1925.94,1925.94,1925.94,1925.94,0,0,2000
8,Halimi,32,1925.94,1925.94,1925.94,1925.94,0,0,2000
9,Igbokwe,32,1925.94,1925.94,1925.94,1925.94,0,0,2000
10,Keite-Ruel,32,1595.31,1957.29,1954.44,1948.55,5,3,2000
11,Kister,32,1565.95,1934.1,1929.1,1925.42,5,1,2000
12,Klingmann,32,1737.21,1929.17,1932.21,1929.17,1,2,2000
13,Linsmayer,32,1925.94,1925.94,1925.94,1925.94,0,0,2000
14,Nartey,32,1761.83,1956.52,1959.57,1956.52,4,2,2000
15,Nauber,32,1734.36,1934.13,1928.55,1924.86,4,1,2000
16,Paurevic,32,1925.94,1925.94,1925.94,1925.94,0,0,2000
17,Pena_Zauner,32,1925.94,1925.94,1925.94,1925.94,0,0,2000
18,Roeseler,32,1925.94,1925.94,1925.94,1925.94,0,0,2000
19,Rossipal,32,1925.94,1925.94,1925.94,1925.94,0,0,2000
20,Scheu,32,1925.94,1925.94,1925.94,1925.94,0,0,2000
21,Schmidt,32,1925.94,1925.94,1925.94,1925.94,0,0,2000
22,Taffertshofer,32,1763.22,1950.7,1946.96,1950.7,4,2,2000
23,Wulle,32,1925.94,1925.94,1925.94,1925.94,0,0,2000
24,Xhaka,32,1925.94,1925.94,1925.94,1925.94,0,0,2000
25,Zenga,32,1589.99,1953.08,1952.38,1953.08,4,2,2000
26,Zhirov,32,1565.95,1934.1,1929.1,1925.42,5,1,2000
27,Zografakis,32,1925.94,1925.94,1925.94,1925.94,0,0,2000
0,Abdullahi,33,1730.85,1919.8,1924.62,1932.1,4,3,2000
1,Baer,33,1729.09,1917.85,1922.67,1930.16,2,3,2000
2,Ben_Balla,33,1556.68,1912,1912.51,1912,6,2,2000
3,Berendt,33,1950.2,1950.2,1950.2,1950.2,2,1,2000
4,Buerger,33,1921.19,1921.19,1921.19,1921.19,0,0,2000
5,Burmeister,33,1921.19,1921.19,1921.19,1921.19,0,0,2000
6,Diakhite,33,1574.9,1928.54,1931.27,1932.22,6,1,2000
7,Dornebusch,33,1921.19,1921.19,1921.19,1921.19,0,0,2000
8,Fejzic,33,1928.79,1575.15,1575.15,1575.15,6,0,2000
9,Heiland,33,1921.19,1921.19,1921.19,1921.19,0,0,2000
10,Ji,33,1899.93,1899.93,1899.93,1899.93,2,3,2000
11,Kammerbauer,33,1905.78,1905.78,1905.78,1905.78,1,2,2000
12,Kaufmann,33,1566.37,1923.85,1926.13,1928.82,2,3,2000
13,Kessel,33,1558.93,1908.81,1911.54,1912.51,3,1,2000
14,Kijewski,33,1921.19,1921.19,1921.19,1921.19,0,0,2000
15,Klass,33,1921.19,1921.19,1921.19,1921.19,0,0,2000
16,Kobylanski,33,1741.75,1929.05,1926.51,1921.71,3,3,2000
17,Kroos,33,1559.86,1915.94,1916.45,1915.94,6,2.33333,2000
18,Kupusovic,33,1921.19,1921.19,1921.19,1921.19,0,0,2000
19,May,33,1921.19,1921.19,1921.19,1921.19,0,0,2000
20,Nikolaou,33,1558.77,1914.59,1915.1,1914.59,3,1.66667,2000
21,Otto,33,1921.19,1921.19,1921.19,1921.19,0,0,2000
22,Proschwitz,33,1729,1914.89,1912.35,1907.54,4,3,2000
23,Schlueter,33,1569.84,1922.28,1925.01,1925.96,6,1.16667,2000
24,Schwenk,33,1921.19,1921.19,1921.19,1921.19,0,0,2000
25,Wiebe,33,1569.84,1922.28,1925.01,1925.96,6,1.16667,2000
26,Wydra,33,1915.49,1915.49,1915.49,1915.49,4,1.75,2000
27,Ziegele,33,1921.19,1921.19,1921.19,1921.19,0,0,2000
0,Ajdini,34,1550.26,1907.84,1905.7,1903.74,9,1.66668,2000
1,Amenyido,34,1564.08,1936.53,1952.48,1936.53,2,2,2000
2,Auge,34,1920.22,1920.22,1920.22,1920.22,0,0,2000
3,Bapoh,34,1902.17,1902.17,1902.17,1902.17,1,2,2000
4,Beermann,34,1551.02,1908.77,1906.63,1904.67,7,1,2000
5,Blacha,34,1901.18,1901.18,1901.18,1901.18,4,2,2000
6,Engel,34,1920.22,1920.22,1920.22,1920.22,0,0,2000
7,Grot,34,1920.22,1920.22,1920.22,1920.22,0,0,2000
8,Gugganig,34,1888.13,1888.13,1888.13,1888.13,4,1,2000
9,Heider,34,1897.62,1897.62,1897.62,1897.62,2,2.5,2000
10,Henning,34,1904.39,1904.39,1904.39,1904.39,4,2,2000
11,Ihorst,34,1920.22,1920.22,1920.22,1920.22,0,0,2000
12,Kerk,34,1563.44,1925.38,1935.43,1951.06,6,2.83333,2000
13,Klaas,34,1920.22,1920.22,1920.22,1920.22,0,0,2000
14,Kuehn,34,1907.38,1549.43,1549.43,1549.43,7,0,2000
15,Moeller,34,1920.22,1920.22,1920.22,1920.22,0,0,2000
16,Mueller,34,1920.22,1920.22,1920.22,1920.22,0,0,2000
17,Multhaup,34,1555.46,1925.9,1941.84,1925.9,3,2,2000
18,Nicolas,34,1920.22,1920.22,1920.22,1920.22,0,0,2000
19,Reichel,34,1753.46,1951.68,1946.95,1943.77,2,1.5,2000
20,Reis,34,1540.81,1907.82,1923.76,1907.82,4,2,2000
21,Santos,34,1572.12,1936.08,1946.14,1961.77,5,3,2000
22,Schmidt,34,1920.22,1920.22,1920.22,1920.22,0,0,2000
23,Susac,34,1920.22,1920.22,1920.22,1920.22,0,0,2000
24,Taffertshofer,34,1542.16,1909.49,1925.43,1909.49,6,2,2000
25,Trapp,34,1554.26,1912.77,1910.63,1908.67,7,1,2000
26,Wolze,34,1717.48,1909.93,1915.5,1909.93,4,1.75,2000
0,Baumann,35,1917.12,1917.12,1917.12,1917.12,1,3,2000
1,Bonmann,35,1930.62,1731.23,1731.23,1731.23,4,0,2000
2,David,35,1919.21,1919.21,1919.21,1919.21,0,0,2000
3,Dietz,35,1550.73,1898.87,1915.61,1910.26,6,1.5,2000
4,Douglas,35,1919.21,1919.21,1919.21,1919.21,0,0,2000
5,Ewerton,35,1919.21,1919.21,1919.21,1919.21,0,0,2000
6,Feick,35,1734.04,1906.01,1913.34,1917.38,4,1,2000
7,Feltscher,35,1718.2,1916.28,1910.72,1907.04,4,1,2000
8,Giefer,35,1910.31,1910.31,1910.31,1910.31,1,0,2000
9,Haegele,35,1729.08,1905.51,1895.89,1905.51,4,2,2000
10,Hansen,35,1919.21,1919.21,1919.21,1919.21,0,0,2000
11,Hasek,35,1914.53,1914.53,1914.53,1914.53,1,3,2000
12,Hemmerich,35,1919.21,1919.21,1919.21,1919.21,0,0,2000
13,Herrmann,35,1919.21,1919.21,1919.21,1919.21,0,0,2000
14,Hoffmann,35,1919.21,1919.21,1919.21,1919.21,0,0,2000
15,Kopacz,35,1738.44,1929.55,1933.27,1938.9,4,3,2000
16,Kraulich,35,1556.7,1907.95,1909.72,1910.1,6,1,2000
17,Lotric,35,1731.87,1908.62,1899,1908.62,2,2.5,2000
18,Maierhofer,35,1919.21,1919.21,1919.21,1919.21,0,0,2000
19,Meisel,35,1737.88,1936.43,1945.85,1936.43,3,2,2000
20,Munsy,35,1570.92,1929,1930.67,1932.33,6,3,2000
21,Nikolov,35,1919.21,1919.21,1919.21,1919.21,0,0,2000
22,Pieringer,35,1572.63,1931.12,1932.79,1934.45,5,3,2000
23,Ronstadt,35,1560.67,1912.86,1914.63,1915,4,1,2000
24,Schweers,35,1919.21,1919.21,1919.21,1919.21,0,0,2000
25,Sontheimer,35,1577.49,1936.93,1936.73,1936.93,5,2.4,2000
26,Strohdiek,35,1727.3,1926.39,1920.83,1917.15,3,1,2000
27,Toko,35,1919.21,1919.21,1919.21,1919.21,0,0,2000
28,Unlu,35,1919.21,1919.21,1919.21,1919.21,0,0,2000
29,Van_la_Parra,35,1734,1918.67,1916.62,1912.66,2,3,2000
30,Verstappen,35,1892.24,1720.95,1720.95,1720.95,1,0,2000
