0,Neuer,0,2086.97,0,0
1,Nubel,0,1957.17,0,0
2,Hernandez,0,2033.42,0,0
3,Sule,0,2020.76,0,0
4,Davies,0,2024.91,0,0
5,Alaba,0,2063.88,0,0
6,Sarr,0,1993.83,0,0
7,Boateng,0,2094.69,0,0
8,Pavard,0,2022.48,0,0
9,Kimmich,0,2045.55,0,0
10,Tolisso,0,1981.34,0,0
11,Costa,0,1944.34,0,0
12,Goretzka,0,2056.5,0,0
13,Martinez,0,1955.5,0,0
14,Musiala,0,1961.63,0,0
15,Sane,0,2008.93,0,0
16,Coman,0,2049.16,0,0
17,Choupo-Moting,0,1956.54,0,0
18,Lewandowski,0,2086.11,0,0
19,Muller,0,2087.32,0,0
20,Gnabry,0,2080.37,0,0
0,Gulacsi,1,2079.95,0,0
1,Tschauner,1,1958.08,0,0
2,Upamecano,1,2046.5,0,0
3,Orban,1,2053.65,0,0
4,Klostermann,1,2015.89,0,0
5,Konate,1,1975.65,0,0
6,Mukiele,1,2086.3,0,0
7,Henrichs,1,1968.5,0,0
8,Samardzic,1,1957.43,0,0
9,Olmo,1,2041.86,0,0
10,Nkunku,1,2045.94,0,0
11,Szoboszlai,1,1951.96,0,0
12,Adams,1,2030.18,0,0
13,Sabitzer,1,2005.44,0,0
14,Laimer,1,1958.08,0,0
15,Kampl,1,2089.11,0,0
16,Haidara,1,2002.94,0,0
17,Kluivert,1,2006.39,0,0
18,Sorloth,1,1995.66,0,0
19,Poulsen,1,2008.02,0,0
20,Hwang,1,1964.04,0,0
21,Forsberg,1,1993.63,0,0
22,Tasende(Angelino),1,2041.39,0,0
23,Gulacsi,1,2086.69,0,0
0,Pervan,2,1969.72,0,0
1,Casteels,2,2037.74,0,0
2,Mbabu,2,1992.17,0,0
3,Brooks,2,2027.49,0,0
4,Roussillon,2,2002.9,0,0
5,otavio,2,1999.85,0,0
6,Pongracic,2,1974.35,0,0
7,Lacroix,2,2046.76,0,0
8,Bruma,2,1981.32,0,0
9,Guilavogui,2,2008.99,0,0
10,Steffen,2,2042.07,0,0
11,Victor,2,1965.67,0,0
12,Arnold,2,2040.82,0,0
13,Baku,2,2055.53,0,0
14,Phillip,2,1997.18,0,0
15,Gerhardt,2,2006.39,0,0
16,Brekalo,2,2037.14,0,0
17,Mehmedi,2,2016.43,0,0
18,Schlager,2,2015.21,0,0
19,Weghorst,2,2065.54,0,0
20,Bialek,2,1982.59,0,0
21,Ginczek,2,1968.06,0,0
0,Schubert,3,1980.37,0,0
1,Trapp,3,2043.71,0,0
2,Durm,3,2026.31,0,0
3,N'Dicka,3,2039.37,0,0
4,Hinteregger,3,2046.52,0,0
5,Hasebe,3,2061.97,0,0
6,Willems,3,1970.09,0,0
7,Zuber,3,1971.84,0,0
8,Ilsanker,3,1974.4,0,0
9,Barkok,3,2011.78,0,0
10,Chandler,3,1948.08,0,0
11,Kamada,3,2053.24,0,0
12,Kostic,3,2057.14,0,0
13,Rode,3,1997.98,0,0
14,Hrustic,3,1970.09,0,0
15,Sow,3,2053.54,0,0
16,Younes,3,2039.56,0,0
17,Jovic,3,2031.12,0,0
18,Silva,3,2072.4,0,0
19,Ache,3,1961.99,0,0
20,Dost,3,1973.94,0,0
21,Toure,3,1997.11,0,0
22,Silva_Melo(Tuta),3,2014.84,0,0
0,Hradecky,4,2039.8,0,0
1,Grill,4,1961.42,0,0
2,S.Bender,4,2024.95,0,0
3,Dragovic,4,1984.09,0,0
4,Sinkgraven,4,2015.38,0,0
5,Jedvaj,4,1992.36,0,0
6,L.Bender,4,2016.7,0,0
7,Tapsoba,4,2003.96,0,0
8,Wendell,4,1974.1,0,0
9,Tah,4,1973.82,0,0
10,Weiser,4,1985.84,0,0
11,Arias,4,1990.16,0,0
12,Fosu-Mensah,4,1991.51,0,0
13,Aranguiz,4,1979.92,0,0
14,Demirbay,4,1943.09,0,0
15,Baumgartlinger,4,1998.63,0,0
16,Amiri,4,2002.34,0,0
17,Gray,4,1942.42,0,0
18,Wirtz,4,1967.15,0,0
19,Paulinho,4,1979.34,0,0
20,Schick,4,1971,0,0
21,Bailey,4,1984.26,0,0
22,Diaby,4,2008.68,0,0
23,Alario,4,1979.24,0,0
24,Bellarabi,4,1965.16,0,0
25,Palacios,4,1976.56,0,0
0,Burki,5,2019.03,0,0
1,Hitz,5,1994.9,0,0
2,Schmelzer,5,1982.87,0,0
3,Morey,5,2011.7,0,0
4,Guerreiro,5,2024.71,0,0
5,Pisczek,5,1992.82,0,0
6,Schulz,5,1967.67,0,0
7,Zagadou,5,1959.64,0,0
8,Akanji,5,2003.37,0,0
9,Hummels,5,2031.17,0,0
10,Raschl,5,1978.91,0,0
11,Reyna,5,2056.92,0,0
12,Delaney,5,2045.04,0,0
13,Can,5,1981.36,0,0
14,Meunier,5,2012.68,0,0
15,Witsel,5,2002.37,0,0
16,Dahoud,5,2025.1,0,0
17,Hazard,5,1977.19,0,0
18,Passlack,5,1975.37,0,0
19,Bellingham,5,2010.42,0,0
20,Haaland,5,2031.14,0,0
21,Moukoko,5,1965.03,0,0
22,Reus,5,2002.45,0,0
23,Sancho,5,2010.16,0,0
24,Brandt,5,1997.01,0,0
25,Knauff,5,1950,0,0
0,Jensen,6,1991.21,0,0
1,Luthe,6,2011.46,0,0
2,Schlotterbeck,6,1979.71,0,0
3,Giesselmann,6,1977.61,0,0
4,Friedrich,6,2027.33,0,0
5,Lenz,6,2047.67,0,0
6,Knoche,6,2022.24,0,0
7,Trimmel,6,2013.97,0,0
8,Ryerson,6,1977.8,0,0
9,Promel,6,2004.88,0,0
10,Endo,6,2000.19,0,0
11,Griesbeck,6,2017.5,0,0
12,Andrich,6,2006.42,0,0
13,Gentner,6,1988.41,0,0
14,Gogia,6,1986.02,0,0
15,Dajaku,6,1986.02,0,0
16,Ingvartsen,6,1971.26,0,0
17,Bulter,6,2000.3,0,0
18,Kruse,6,2019.12,0,0
19,Pohjanpalo,6,2012.01,0,0
20,Becker,6,2025.01,0,0
21,Teuchert,6,1986.72,0,0
22,Awoniyi,6,1995.3,0,0
23,Ujah,6,1986.02,0,0
24,Musa,6,2008.32,0,0
0,Uphoff,7,1966.03,0,0
1,Flekken,7,1966.03,0,0
2,Schlotterbeck,7,2032.78,0,0
3,Gulde,7,1997.1,0,0
4,Kubler,7,1973.78,0,0
5,Heintz,7,1956.06,0,0
6,Lienhart,7,2021.02,0,0
7,Gunter,7,1984.17,0,0
8,Keitel,7,1931.9,0,0
9,Haberer,7,1944.32,0,0
10,Santamaria,7,1961.83,0,0
11,Grifo,7,2026.55,0,0
12,Woo-Yeong,7,1959.04,0,0
13,Hofler,7,2012.58,0,0
14,Sallai,7,1940.9,0,0
15,Schmid,7,1981.43,0,0
16,Chang-Hoon,7,1974.45,0,0
17,Til,7,1971.22,0,0
18,Holer,7,1975.73,0,0
19,Demirovic,7,2008.5,0,0
20,Petersen,7,1970.97,0,0
21,Muller,7,2020.98,0,0
0,Grahl,8,1986.01,0,0
1,Kobel,8,2009.37,0,0
2,Aidonis,8,1986.01,0,0
3,Mavropanos,8,2018.76,0,0
4,Kempf,8,2009.53,0,0
5,Sosa,8,2022.37,0,0
6,Badstuber,8,1986.01,0,0
7,Stenzel,8,1986.78,0,0
8,Karazor,8,1988,0,0
9,Mack,8,1986.01,0,0
10,Anton,8,2000.09,0,0
11,Massimo,8,1964.74,0,0
12,Egloff,8,1986.01,0,0
13,Castro,8,2021.63,0,0
14,Klimovicz,8,1989.97,0,0
15,Didavi,8,1975.19,0,0
16,Churlinov,8,1986.01,0,0
17,Coulibaly,8,1979.32,0,0
18,Mangala,8,2018.21,0,0
19,Thommy,8,1986.01,0,0
20,Klement,8,1986.01,0,0
21,Forster,8,2002.43,0,0
22,Mola,8,1986.01,0,0
23,Endo,8,2000.95,0,0
24,Gonzalez,8,1967.31,0,0
25,Kalajdzic,8,2031.57,0,0
26,Wamangituka,8,2004.2,0,0
27,Al_Ghaddioui,8,1986.01,0,0
0,Sippel,9,1969.38,0,0
1,Sommer,9,1987.02,0,0
2,Doucoure,9,1967.67,0,0
3,Lainer,9,1987.44,0,0
4,Ginter,9,1991.73,0,0
5,Bensebaini,9,1988.98,0,0
6,Kurt,9,1963.09,0,0
7,Elvedi,9,1983.9,0,0
8,Lang,9,1963.09,0,0
9,Jantschke,9,1973.68,0,0
10,Wendt,9,1963.63,0,0
11,Neuhaus,9,1989.87,0,0
12,Wolf,9,1955.05,0,0
13,Stindl,9,1990.56,0,0
14,Lazaro,9,1938.76,0,0
15,Musel,9,1963.09,0,0
16,Kramer,9,1993.26,0,0
17,Hofman,9,1989.27,0,0
18,Zakaria,9,1980.85,0,0
19,Plea,9,2010.22,0,0
20,Villalba,9,1963.09,0,0
21,Herrmann,9,1987.93,0,0
22,Traore,9,1963.09,0,0
23,Embolo,9,1987.72,0,0
24,Thuram,9,1965.36,0,0
0,Pentke,10,1960.04,0,0
1,Baumann,10,2012.98,0,0
2,Bogarde,10,1939.15,0,0
3,Richards,10,2015.22,0,0
4,Akpoguma,10,1964.9,0,0
5,Brenet,10,1960.04,0,0
6,Stafylidis,10,1960.04,0,0
7,Bikakcic,10,1981.81,0,0
8,Hubner,10,1960.04,0,0
9,Posch,10,1985.2,0,0
10,Nordtveit,10,1987.77,0,0
11,Vogt,10,1949.91,0,0
12,Sessegnon,10,1956.54,0,0
13,Geiger,10,1971.93,0,0
14,Baumgartner,10,1991.89,0,0
15,Samassekou,10,1972.05,0,0
16,Gacinovic,10,1948.52,0,0
17,Grillitsch,10,1997.05,0,0
18,Rudy,10,1969.36,0,0
19,Bebou,10,1959.59,0,0
20,Belfodil,10,1933.93,0,0
21,Adamyan,10,1960.04,0,0
22,Beier,10,1960.04,0,0
23,Skov,10,1943.81,0,0
24,Dabour,10,1970.5,0,0
25,Kramaric,10,1982.64,0,0
26,Kaderabek,10,1994.34,0,0
27,Nuhu,10,2005.75,0,0
0,Zetterer,11,1976.02,0,0
1,Pavlenka,11,1990.24,0,0
2,Augustinsson,11,1962.62,0,0
3,Gross,11,1933.3,0,0
4,Toprak,11,1978.9,0,0
5,Veljkovic,11,2034.13,0,0
6,Moisander,11,1950.29,0,0
7,Friedl,11,1992.84,0,0
8,Agu,11,1997.78,0,0
9,Gebre_Selassie,11,1984.36,0,0
10,Erras,11,1976.02,0,0
11,Bittencourt,11,1975.23,0,0
12,Mbom,11,1993.12,0,0
13,M.Eggestein,11,1988.75,0,0
14,Rashica,11,1969,0,0
15,Mohwald,11,1979.1,0,0
16,Schmid,11,1996.41,0,0
17,Selke,11,1990.17,0,0
18,Woltemade,11,1976.02,0,0
19,Fullkrug,11,1989.38,0,0
20,Dinkci,11,1977.16,0,0
21,Osako,11,1951.22,0,0
22,Sargent,11,1995.78,0,0
0,Koubek,12,1968.03,0,0
1,Gikiewicz,12,1977.05,0,0
2,Gouweleeuw,12,1982.69,0,0
3,Iago,12,1990.31,0,0
4,Framberger,12,1989.87,0,0
5,Uduokhai,12,1982.86,0,0
6,Gumny,12,1966.2,0,0
7,Pedersen,12,1943.34,0,0
8,Suchy,12,1951.29,0,0
9,Moravek,12,1968.03,0,0
10,Vargas,12,1942.87,0,0
11,Bazee,12,1968.03,0,0
12,Caligiuri,12,1943.75,0,0
13,Oxford,12,1973.52,0,0
14,Khedira,12,1940.37,0,0
15,Benes,12,1962.39,0,0
16,Jensen,12,1962.02,0,0
17,Richter,12,1961.3,0,0
18,Gruezo,12,1948.62,0,0
19,Strobl,12,1969.16,0,0
20,Hahn,12,1935.3,0,0
21,Niederlechner,12,1973.3,0,0
22,Seong-Hoon,12,1968.03,0,0
23,Finnbogason,12,1952.45,0,0
24,Gregoritsch,12,1974.52,0,0
0,Zieler,13,1972.03,0,0
1,Horn,13,1944.89,0,0
2,Perez,13,1965.12,0,0
3,Schmitz,13,1964.73,0,0
4,Katterbach,13,1965.53,0,0
5,Voloder,13,1972.03,0,0
6,Horn,13,1946.21,0,0
7,Czichos,13,1955.82,0,0
8,Bornauw,13,1938.46,0,0
9,Jakobs,13,1991.9,0,0
10,Ehizibue,13,1952.97,0,0
11,Wolf,13,1970.95,0,0
12,Hoger,13,1962.04,0,0
13,Skhiri,13,1940.49,0,0
14,Ozcan,13,1969.67,0,0
15,Duda,13,1948.28,0,0
16,Hector,13,1929.98,0,0
17,Drexler,13,1956.35,0,0
18,Meyer,13,1968.84,0,0
19,Rexhbecaj,13,1967.39,0,0
20,Kainz,13,1984.97,0,0
21,Arokodare,13,1972.03,0,0
22,Limnios,13,1968.32,0,0
23,Dennis,13,1983.86,0,0
24,Andersson,13,1947.8,0,0
25,Cestic,13,1960.39,0,0
26,Thielmann,13,1977.95,0,0
0,Jarstein,14,1980.06,0,0
1,Schwolow,14,1956.18,0,0
2,Zeefuik,14,1988.65,0,0
3,Pekarik,14,1951.58,0,0
4,Plattenhardt,14,1974.17,0,0
5,Torunarigha,14,1969.46,0,0
6,Alderette,14,1958.41,0,0
7,Mittelstadt,14,1952.1,0,0
8,Stark,14,1964.89,0,0
9,Klunter,14,1984.94,0,0
10,Boyata,14,1953.54,0,0
11,Dardai,14,1976.13,0,0
12,Radonkic,14,1955.54,0,0
13,Albrecht,14,1960.04,0,0
14,Darida,14,1962.97,0,0
15,Khedira,14,1953.56,0,0
16,Leckie,14,1952.63,0,0
17,Ascacibar,14,1979.04,0,0
18,Dilrosun,14,1960.04,0,0
19,Guendouzi,14,1990.16,0,0
20,Tousart,14,1963.24,0,0
21,Cunha,14,1970.49,0,0
22,Lukebakio,14,1971.66,0,0
23,Cordoba,14,1973.35,0,0
24,Redan,14,1960.04,0,0
25,Piatek,14,1947.52,0,0
0,Rehnen,15,1965.28,0,0
1,Moreno,15,1970.55,0,0
2,De_Medina,15,1953.21,0,0
3,Brunner,15,1991.79,0,0
4,Van_der_Hoorn,15,1944.3,0,0
5,Pieper,15,1970.99,0,0
6,Lucoqui,15,1993.11,0,0
7,Laursen,15,1932.43,0,0
8,Nilsson,15,1993.33,0,0
9,Doan,15,1925.85,0,0
10,Hartel,15,1942.36,0,0
11,Seufert,15,1962.31,0,0
12,Soukoou,15,1954.94,0,0
13,Yabo,15,1977.37,0,0
14,Okugawa,15,1989.57,0,0
15,Kunze,15,1939.74,0,0
16,Gebauer,15,1966.57,0,0
17,Maier,15,1969.48,0,0
18,Frommann,15,1966.48,0,0
19,Vlap,15,1958.74,0,0
20,Prietl,15,1959.52,0,0
21,Consbruch,15,1958.08,0,0
22,Edmundsson,15,1958.08,0,0
23,Cordova,15,1956.71,0,0
24,Klos,15,1934.25,0,0
25,Voglsammer,15,1950.11,0,0
26,Schipplock,15,1945.4,0,0
0,Hanin,16,1964.03,0,0
1,Zentner,16,1960.58,0,0
2,Hack,16,1941.79,0,0
3,Da_Costa,16,2004.78,0,0
4,Niakhate,16,1978.36,0,0
5,St_Juste,16,1955.97,0,0
6,Kilian,16,1948.24,0,0
7,Brosinski,16,1929.43,0,0
8,Mwene,16,2007.8,0,0
9,Bell,16,2011.91,0,0
10,Latza,16,1946.82,0,0
11,Tauer,16,1964.03,0,0
12,Oztunali,16,1960.63,0,0
13,Boetius,16,1941.59,0,0
14,Papela,16,1964.03,0,0
15,Kohr,16,2028.37,0,0
16,Stoger,16,1951.07,0,0
17,Nebel,16,1964.03,0,0
18,Malong,16,1933.82,0,0
19,Fernandes,16,1945.16,0,0
20,Barreiro,16,2007.08,0,0
21,Szalai,16,1976.84,0,0
22,Onisi,16,1981.79,0,0
23,Glatzel,16,1965.71,0,0
24,Szalai,16,1971.41,0,0
25,Quaison,16,1929.31,0,0
26,Burkardt,16,1942.36,0,0
27,Mateta,16,1917.5,0,0
0,Ronnow,17,1936.85,0,0
1,Fahrmann,17,1961.31,0,0
2,Stambouli,17,1950.29,0,0
3,William,17,1935.11,0,0
4,Mustafi,17,1949.49,0,0
5,Ludewig,17,1948.6,0,0
6,Oczipka,17,1935.38,0,0
7,Kolasinac,17,1942.6,0,0
8,Mendyl,17,1961.5,0,0
9,Nastasic,17,1938.59,0,0
10,Sane,17,1941.13,0,0
11,Becker,17,1989.3,0,0
12,Thiaw,17,1960.72,0,0
13,Calhanoglu,17,1941.35,0,0
14,Bozdogan,17,1998.99,0,0
15,Bentaleb,17,1933.69,0,0
16,Boujellab,17,1945.12,0,0
17,Mercan,17,1968.03,0,0
18,Harit,17,1925.31,0,0
19,Schopf,17,1947.58,0,0
20,Mascarell,17,1923.08,0,0
21,Paciencia,17,1930.36,0,0
22,Hoppe,17,1943.67,0,0
23,Skrzybski,17,1957.87,0,0
24,Uth,17,1926.68,0,0
25,Raman,17,1919.05,0,0
26,Huntelaar,17,1964.75,0,0
27,Alex,17,1950,0,0
