Loss,Accuracy,a,k,b
1.31093,0.35369,0.258732,3.31909,-0.14
1.31041,0.35369,0.258466,3.31907,-0.14
1.30999,0.35369,0.258249,3.31906,-0.14
1.30964,0.35369,0.258062,3.31904,-0.14
1.30932,0.351145,0.257894,3.31903,-0.14
1.30903,0.351145,0.25774,3.31902,-0.139999
1.30877,0.351145,0.257598,3.31902,-0.139999
1.30852,0.351145,0.257466,3.31901,-0.139999
1.30829,0.35369,0.257341,3.319,-0.139999
1.30807,0.35369,0.257222,3.31899,-0.139999
1.30787,0.35369,0.257109,3.31899,-0.139999
1.30767,0.35369,0.257001,3.31898,-0.139999
1.30749,0.35369,0.256897,3.31897,-0.139999
1.30731,0.35369,0.256797,3.31897,-0.139999
1.30713,0.35369,0.2567,3.31896,-0.139999
1.30697,0.35369,0.256607,3.31895,-0.139999
1.30681,0.35369,0.256516,3.31895,-0.139999
1.30665,0.35369,0.256427,3.31894,-0.139998
1.3065,0.35369,0.256342,3.31894,-0.139998
1.30636,0.35369,0.256258,3.31893,-0.139998
1.30621,0.35369,0.256176,3.31893,-0.139998
1.30608,0.35369,0.256097,3.31892,-0.139998
1.30594,0.35369,0.256019,3.31892,-0.139998
1.30581,0.35369,0.255942,3.31891,-0.139998
1.30568,0.35369,0.255868,3.31891,-0.139998
1.30556,0.35369,0.255794,3.3189,-0.139998
1.30544,0.35369,0.255722,3.3189,-0.139998
1.30532,0.35369,0.255652,3.3189,-0.139998
1.3052,0.35369,0.255582,3.31889,-0.139997
1.30509,0.35369,0.255514,3.31889,-0.139997
1.30498,0.35369,0.255447,3.31888,-0.139997
1.30487,0.35369,0.255381,3.31888,-0.139997
1.30476,0.35369,0.255316,3.31888,-0.139997
1.30465,0.35369,0.255252,3.31887,-0.139997
1.30455,0.35369,0.255189,3.31887,-0.139997
1.30445,0.35369,0.255127,3.31886,-0.139997
1.30435,0.35369,0.255065,3.31886,-0.139997
1.30425,0.35369,0.255005,3.31886,-0.139997
1.30415,0.35369,0.254945,3.31885,-0.139997
1.30405,0.351145,0.254886,3.31885,-0.139996
1.30396,0.351145,0.254828,3.31885,-0.139996
1.30387,0.351145,0.25477,3.31884,-0.139996
1.30378,0.351145,0.254713,3.31884,-0.139996
1.30369,0.351145,0.254657,3.31883,-0.139996
1.3036,0.351145,0.254602,3.31883,-0.139996
1.30351,0.351145,0.254547,3.31883,-0.139996
1.30343,0.351145,0.254492,3.31883,-0.139996
1.30334,0.351145,0.254439,3.31882,-0.139996
1.30326,0.351145,0.254385,3.31882,-0.139996
1.30317,0.351145,0.254333,3.31882,-0.139996
1.30309,0.351145,0.254281,3.31881,-0.139995
1.30301,0.35369,0.254229,3.31881,-0.139995
1.30293,0.35369,0.254178,3.31881,-0.139995
1.30285,0.35369,0.254127,3.3188,-0.139995
1.30278,0.35369,0.254077,3.3188,-0.139995
1.3027,0.35369,0.254027,3.3188,-0.139995
1.30262,0.35369,0.253978,3.31879,-0.139995
1.30255,0.35369,0.253929,3.31879,-0.139995
1.30247,0.35369,0.25388,3.31879,-0.139995
1.3024,0.35369,0.253832,3.31879,-0.139995
1.30233,0.35369,0.253785,3.31878,-0.139995
1.30226,0.35369,0.253738,3.31878,-0.139994
1.30219,0.35369,0.253691,3.31878,-0.139994
1.30212,0.35369,0.253644,3.31878,-0.139994
1.30205,0.35369,0.253598,3.31877,-0.139994
1.30198,0.35369,0.253552,3.31877,-0.139994
1.30191,0.35369,0.253507,3.31877,-0.139994
1.30184,0.35369,0.253462,3.31877,-0.139994
1.30178,0.35369,0.253417,3.31876,-0.139994
1.30171,0.35369,0.253373,3.31876,-0.139994
1.30164,0.35369,0.253329,3.31876,-0.139994
1.30158,0.35369,0.253285,3.31875,-0.139994
1.30152,0.35369,0.253241,3.31875,-0.139994
1.30145,0.35369,0.253198,3.31875,-0.139993
1.30139,0.35369,0.253155,3.31875,-0.139993
1.30133,0.35369,0.253112,3.31874,-0.139993
1.30127,0.351145,0.25307,3.31874,-0.139993
1.3012,0.348601,0.253028,3.31874,-0.139993
1.30115,0.348601,0.252986,3.31874,-0.139993
1.30108,0.348601,0.252945,3.31873,-0.139993
1.30102,0.348601,0.252903,3.31873,-0.139993
1.30097,0.348601,0.252862,3.31873,-0.139993
1.30091,0.348601,0.252822,3.31873,-0.139993
1.30085,0.348601,0.252781,3.31872,-0.139993
1.30079,0.348601,0.252741,3.31872,-0.139992
1.30073,0.348601,0.252701,3.31872,-0.139992
1.30068,0.348601,0.252661,3.31872,-0.139992
1.30062,0.348601,0.252622,3.31871,-0.139992
1.30057,0.348601,0.252582,3.31871,-0.139992
1.30051,0.348601,0.252543,3.31871,-0.139992
1.30046,0.348601,0.252504,3.31871,-0.139992
1.3004,0.348601,0.252465,3.31871,-0.139992
1.30035,0.351145,0.252427,3.3187,-0.139992
1.30029,0.351145,0.252389,3.3187,-0.139992
1.30024,0.351145,0.252351,3.3187,-0.139992
1.30019,0.351145,0.252313,3.3187,-0.139991
1.30014,0.351145,0.252275,3.31869,-0.139991
1.30008,0.351145,0.252238,3.31869,-0.139991
1.30003,0.351145,0.252201,3.31869,-0.139991
1.29998,0.351145,0.252163,3.31869,-0.139991
1.29993,0.351145,0.252127,3.31868,-0.139991
1.29988,0.35369,0.25209,3.31868,-0.139991
1.29983,0.351145,0.252053,3.31868,-0.139991
1.29978,0.351145,0.252017,3.31868,-0.139991
1.29973,0.351145,0.251981,3.31867,-0.139991
1.29968,0.351145,0.251945,3.31867,-0.139991
1.29963,0.351145,0.251909,3.31867,-0.13999
1.29959,0.351145,0.251873,3.31867,-0.13999
1.29954,0.351145,0.251838,3.31866,-0.13999
1.29949,0.351145,0.251803,3.31866,-0.13999
1.29944,0.351145,0.251767,3.31866,-0.13999
1.2994,0.351145,0.251732,3.31866,-0.13999
1.29935,0.351145,0.251698,3.31866,-0.13999
1.2993,0.351145,0.251663,3.31865,-0.13999
1.29926,0.351145,0.251628,3.31865,-0.13999
1.29921,0.351145,0.251594,3.31865,-0.13999
1.29917,0.351145,0.25156,3.31865,-0.13999
1.29912,0.351145,0.251526,3.31864,-0.139989
1.29908,0.351145,0.251492,3.31864,-0.139989
1.29903,0.351145,0.251458,3.31864,-0.139989
1.29899,0.351145,0.251424,3.31864,-0.139989
1.29895,0.351145,0.251391,3.31864,-0.139989
1.2989,0.351145,0.251357,3.31863,-0.139989
1.29886,0.351145,0.251324,3.31863,-0.139989
1.29882,0.351145,0.251291,3.31863,-0.139989
1.29877,0.351145,0.251258,3.31863,-0.139989
1.29873,0.351145,0.251225,3.31863,-0.139989
1.29869,0.351145,0.251193,3.31862,-0.139989
1.29865,0.351145,0.25116,3.31862,-0.139988
1.2986,0.351145,0.251128,3.31862,-0.139988
1.29856,0.351145,0.251095,3.31862,-0.139988
1.29852,0.351145,0.251063,3.31862,-0.139988
1.29848,0.351145,0.251031,3.31862,-0.139988
1.29844,0.351145,0.250999,3.31861,-0.139988
1.2984,0.351145,0.250967,3.31861,-0.139988
1.29836,0.351145,0.250936,3.31861,-0.139988
1.29832,0.351145,0.250904,3.31861,-0.139988
1.29828,0.351145,0.250873,3.31861,-0.139988
1.29824,0.351145,0.250841,3.3186,-0.139988
1.2982,0.351145,0.25081,3.3186,-0.139988
1.29816,0.351145,0.250779,3.3186,-0.139987
1.29812,0.351145,0.250748,3.3186,-0.139987
1.29808,0.351145,0.250717,3.3186,-0.139987
1.29805,0.351145,0.250686,3.31859,-0.139987
1.29801,0.351145,0.250655,3.31859,-0.139987
1.29797,0.351145,0.250625,3.31859,-0.139987
1.29793,0.351145,0.250594,3.31859,-0.139987
1.29789,0.351145,0.250564,3.31859,-0.139987
1.29786,0.351145,0.250534,3.31858,-0.139987
1.29782,0.351145,0.250504,3.31858,-0.139987
1.29778,0.351145,0.250474,3.31858,-0.139987
1.29775,0.351145,0.250444,3.31858,-0.139986
1.29771,0.351145,0.250414,3.31858,-0.139986
1.29767,0.351145,0.250384,3.31858,-0.139986
1.29764,0.351145,0.250354,3.31857,-0.139986
1.2976,0.351145,0.250325,3.31857,-0.139986
1.29757,0.351145,0.250295,3.31857,-0.139986
1.29753,0.351145,0.250266,3.31857,-0.139986
1.2975,0.351145,0.250237,3.31857,-0.139986
1.29746,0.351145,0.250208,3.31856,-0.139986
1.29742,0.351145,0.250178,3.31856,-0.139986
1.29739,0.351145,0.250149,3.31856,-0.139986
1.29736,0.351145,0.250121,3.31856,-0.139985
1.29732,0.351145,0.250092,3.31856,-0.139985
1.29729,0.351145,0.250063,3.31855,-0.139985
1.29725,0.351145,0.250034,3.31855,-0.139985
1.29722,0.351145,0.250006,3.31855,-0.139985
1.29718,0.351145,0.249977,3.31855,-0.139985
1.29715,0.35369,0.249949,3.31855,-0.139985
1.29712,0.35369,0.249921,3.31854,-0.139985
1.29709,0.35369,0.249893,3.31854,-0.139985
1.29705,0.35369,0.249864,3.31854,-0.139985
1.29702,0.35369,0.249836,3.31854,-0.139985
1.29699,0.35369,0.249808,3.31854,-0.139984
1.29695,0.35369,0.249781,3.31854,-0.139984
1.29692,0.35369,0.249753,3.31853,-0.139984
1.29689,0.35369,0.249725,3.31853,-0.139984
1.29686,0.35369,0.249697,3.31853,-0.139984
1.29682,0.35369,0.24967,3.31853,-0.139984
1.29679,0.35369,0.249642,3.31853,-0.139984
1.29676,0.35369,0.249615,3.31852,-0.139984
1.29673,0.35369,0.249588,3.31852,-0.139984
1.2967,0.35369,0.249561,3.31852,-0.139984
1.29667,0.35369,0.249533,3.31852,-0.139984
1.29664,0.35369,0.249506,3.31852,-0.139983
1.29661,0.35369,0.249479,3.31852,-0.139983
1.29658,0.35369,0.249452,3.31851,-0.139983
1.29655,0.35369,0.249425,3.31851,-0.139983
1.29651,0.35369,0.249399,3.31851,-0.139983
1.29648,0.35369,0.249372,3.31851,-0.139983
1.29646,0.35369,0.249345,3.31851,-0.139983
1.29642,0.35369,0.249319,3.31851,-0.139983
1.29639,0.35369,0.249292,3.31851,-0.139983
1.29637,0.35369,0.249266,3.3185,-0.139983
1.29634,0.35369,0.249239,3.3185,-0.139983
1.29631,0.35369,0.249213,3.3185,-0.139983
1.29628,0.35369,0.249187,3.3185,-0.139982
1.29625,0.35369,0.249161,3.3185,-0.139982
1.29622,0.351145,0.249135,3.3185,-0.139982
1.29619,0.351145,0.249109,3.3185,-0.139982
1.29616,0.351145,0.249083,3.31849,-0.139982
1.29613,0.351145,0.249057,3.31849,-0.139982
1.29611,0.351145,0.249031,3.31849,-0.139982
1.29608,0.351145,0.249005,3.31849,-0.139982
1.29605,0.351145,0.248979,3.31849,-0.139982
1.29602,0.351145,0.248954,3.31849,-0.139982
1.29599,0.351145,0.248928,3.31849,-0.139982
1.29596,0.351145,0.248903,3.31848,-0.139981
1.29594,0.351145,0.248877,3.31848,-0.139981
1.29591,0.351145,0.248852,3.31848,-0.139981
1.29588,0.351145,0.248827,3.31848,-0.139981
1.29586,0.351145,0.248801,3.31848,-0.139981
1.29583,0.351145,0.248776,3.31848,-0.139981
1.2958,0.351145,0.248751,3.31848,-0.139981
1.29578,0.351145,0.248726,3.31847,-0.139981
1.29575,0.351145,0.248701,3.31847,-0.139981
1.29572,0.351145,0.248676,3.31847,-0.139981
1.29569,0.35369,0.248651,3.31847,-0.139981
1.29567,0.35369,0.248626,3.31847,-0.13998
1.29564,0.35369,0.248601,3.31847,-0.13998
1.29562,0.35369,0.248577,3.31847,-0.13998
1.29559,0.35369,0.248552,3.31846,-0.13998
1.29556,0.358779,0.248527,3.31846,-0.13998
1.29554,0.358779,0.248503,3.31846,-0.13998
1.29551,0.358779,0.248478,3.31846,-0.13998
1.29549,0.358779,0.248454,3.31846,-0.13998
1.29546,0.358779,0.248429,3.31846,-0.13998
1.29544,0.358779,0.248405,3.31846,-0.13998
1.29541,0.358779,0.248381,3.31845,-0.13998
1.29539,0.361323,0.248357,3.31845,-0.139979
1.29536,0.361323,0.248332,3.31845,-0.139979
1.29533,0.361323,0.248308,3.31845,-0.139979
1.29531,0.361323,0.248284,3.31845,-0.139979
1.29529,0.361323,0.24826,3.31845,-0.139979
1.29526,0.361323,0.248236,3.31845,-0.139979
1.29524,0.361323,0.248212,3.31844,-0.139979
1.29521,0.361323,0.248188,3.31844,-0.139979
1.29519,0.361323,0.248165,3.31844,-0.139979
1.29516,0.361323,0.248141,3.31844,-0.139979
1.29514,0.361323,0.248117,3.31844,-0.139979
1.29512,0.361323,0.248094,3.31844,-0.139978
1.29509,0.361323,0.24807,3.31844,-0.139978
1.29507,0.361323,0.248046,3.31843,-0.139978
1.29504,0.361323,0.248023,3.31843,-0.139978
1.29502,0.361323,0.247999,3.31843,-0.139978
1.295,0.361323,0.247976,3.31843,-0.139978
1.29497,0.361323,0.247953,3.31843,-0.139978
1.29495,0.361323,0.247929,3.31843,-0.139978
1.29493,0.361323,0.247906,3.31843,-0.139978
1.2949,0.361323,0.247883,3.31842,-0.139978
1.29488,0.361323,0.24786,3.31842,-0.139978
1.29486,0.361323,0.247837,3.31842,-0.139977
1.29483,0.361323,0.247814,3.31842,-0.139977
1.29481,0.361323,0.247791,3.31842,-0.139977
1.29479,0.361323,0.247768,3.31842,-0.139977
1.29477,0.361323,0.247745,3.31842,-0.139977
1.29474,0.361323,0.247722,3.31841,-0.139977
1.29472,0.361323,0.247699,3.31841,-0.139977
1.2947,0.361323,0.247676,3.31841,-0.139977
1.29468,0.361323,0.247653,3.31841,-0.139977
1.29465,0.361323,0.247631,3.31841,-0.139977
1.29463,0.361323,0.247608,3.31841,-0.139977
1.29461,0.361323,0.247585,3.31841,-0.139977
1.29459,0.361323,0.247563,3.3184,-0.139976
1.29457,0.361323,0.24754,3.3184,-0.139976
1.29454,0.361323,0.247518,3.3184,-0.139976
1.29452,0.361323,0.247495,3.3184,-0.139976
1.2945,0.361323,0.247473,3.3184,-0.139976
1.29448,0.361323,0.247451,3.3184,-0.139976
1.29446,0.361323,0.247428,3.3184,-0.139976
1.29444,0.361323,0.247406,3.31839,-0.139976
1.29442,0.361323,0.247384,3.31839,-0.139976
1.2944,0.361323,0.247362,3.31839,-0.139976
1.29437,0.361323,0.247339,3.31839,-0.139976
1.29435,0.361323,0.247317,3.31839,-0.139975
1.29433,0.361323,0.247295,3.31839,-0.139975
1.29431,0.361323,0.247273,3.31839,-0.139975
1.29429,0.361323,0.247251,3.31838,-0.139975
1.29427,0.361323,0.247229,3.31838,-0.139975
1.29425,0.361323,0.247207,3.31838,-0.139975
1.29423,0.361323,0.247186,3.31838,-0.139975
1.29421,0.361323,0.247164,3.31838,-0.139975
1.29419,0.361323,0.247142,3.31838,-0.139975
1.29417,0.361323,0.24712,3.31838,-0.139975
1.29415,0.361323,0.247098,3.31837,-0.139975
1.29413,0.361323,0.247077,3.31837,-0.139974
1.29411,0.361323,0.247055,3.31837,-0.139974
1.29409,0.358779,0.247034,3.31837,-0.139974
1.29407,0.358779,0.247012,3.31837,-0.139974
1.29405,0.358779,0.246991,3.31837,-0.139974
1.29403,0.358779,0.246969,3.31837,-0.139974
1.29401,0.358779,0.246948,3.31836,-0.139974
1.29399,0.358779,0.246926,3.31836,-0.139974
1.29397,0.358779,0.246905,3.31836,-0.139974
1.29395,0.358779,0.246884,3.31836,-0.139974
1.29393,0.358779,0.246862,3.31836,-0.139974
1.29391,0.358779,0.246841,3.31836,-0.139973
1.29389,0.358779,0.24682,3.31836,-0.139973
1.29387,0.358779,0.246799,3.31835,-0.139973
1.29385,0.358779,0.246778,3.31835,-0.139973
1.29383,0.358779,0.246756,3.31835,-0.139973
1.29382,0.358779,0.246735,3.31835,-0.139973
1.2938,0.358779,0.246714,3.31835,-0.139973
1.29378,0.358779,0.246693,3.31835,-0.139973
1.29376,0.361323,0.246672,3.31835,-0.139973
1.29374,0.361323,0.246651,3.31834,-0.139973
1.29372,0.361323,0.246631,3.31834,-0.139973
1.2937,0.361323,0.24661,3.31834,-0.139972
1.29369,0.361323,0.246589,3.31834,-0.139972
1.29367,0.361323,0.246568,3.31834,-0.139972
1.29365,0.361323,0.246547,3.31834,-0.139972
1.29363,0.361323,0.246527,3.31834,-0.139972
1.29361,0.361323,0.246506,3.31833,-0.139972
1.29359,0.361323,0.246485,3.31833,-0.139972
1.29358,0.361323,0.246465,3.31833,-0.139972
1.29356,0.361323,0.246444,3.31833,-0.139972
1.29354,0.361323,0.246424,3.31833,-0.139972
1.29352,0.361323,0.246403,3.31833,-0.139972
1.2935,0.363868,0.246383,3.31833,-0.139972
1.29349,0.363868,0.246362,3.31832,-0.139971
1.29347,0.363868,0.246342,3.31832,-0.139971
1.29345,0.363868,0.246321,3.31832,-0.139971
1.29343,0.363868,0.246301,3.31832,-0.139971
1.29342,0.363868,0.246281,3.31832,-0.139971
1.2934,0.363868,0.24626,3.31832,-0.139971
1.29338,0.363868,0.24624,3.31832,-0.139971
1.29336,0.363868,0.24622,3.31831,-0.139971
1.29335,0.363868,0.2462,3.31831,-0.139971
1.29333,0.363868,0.24618,3.31831,-0.139971
1.29331,0.363868,0.246159,3.31831,-0.139971
1.2933,0.363868,0.246139,3.31831,-0.13997
1.29328,0.363868,0.246119,3.31831,-0.13997
1.29326,0.363868,0.246099,3.31831,-0.13997
1.29325,0.363868,0.246079,3.3183,-0.13997
1.29323,0.363868,0.246059,3.3183,-0.13997
1.29321,0.363868,0.246039,3.3183,-0.13997
1.29319,0.363868,0.246019,3.3183,-0.13997
1.29318,0.363868,0.246,3.3183,-0.13997
1.29316,0.363868,0.24598,3.3183,-0.13997
1.29315,0.363868,0.24596,3.3183,-0.13997
1.29313,0.363868,0.24594,3.3183,-0.13997
1.29311,0.363868,0.24592,3.31829,-0.139969
1.2931,0.363868,0.245901,3.31829,-0.139969
1.29308,0.363868,0.245881,3.31829,-0.139969
1.29306,0.363868,0.245861,3.31829,-0.139969
1.29305,0.363868,0.245842,3.31829,-0.139969
1.29303,0.363868,0.245822,3.31829,-0.139969
1.29302,0.363868,0.245802,3.31829,-0.139969
1.293,0.363868,0.245783,3.31829,-0.139969
1.29299,0.363868,0.245763,3.31829,-0.139969
1.29297,0.363868,0.245744,3.31829,-0.139969
1.29295,0.363868,0.245724,3.31828,-0.139969
1.29294,0.363868,0.245705,3.31828,-0.139968
1.29292,0.363868,0.245685,3.31828,-0.139968
1.29291,0.363868,0.245666,3.31828,-0.139968
1.29289,0.363868,0.245647,3.31828,-0.139968
1.29288,0.363868,0.245627,3.31828,-0.139968
1.29286,0.363868,0.245608,3.31828,-0.139968
1.29285,0.363868,0.245589,3.31828,-0.139968
1.29283,0.363868,0.245569,3.31828,-0.139968
1.29282,0.363868,0.24555,3.31828,-0.139968
1.2928,0.363868,0.245531,3.31828,-0.139968
1.29279,0.363868,0.245512,3.31827,-0.139968
1.29277,0.363868,0.245493,3.31827,-0.139967
1.29276,0.363868,0.245474,3.31827,-0.139967
1.29274,0.363868,0.245455,3.31827,-0.139967
1.29273,0.363868,0.245436,3.31827,-0.139967
1.29271,0.366412,0.245416,3.31827,-0.139967
1.2927,0.366412,0.245397,3.31827,-0.139967
1.29268,0.366412,0.245379,3.31827,-0.139967
1.29267,0.366412,0.24536,3.31827,-0.139967
1.29265,0.366412,0.245341,3.31827,-0.139967
1.29264,0.366412,0.245322,3.31826,-0.139967
1.29262,0.366412,0.245303,3.31826,-0.139967
1.29261,0.366412,0.245284,3.31826,-0.139967
1.29259,0.366412,0.245265,3.31826,-0.139966
1.29258,0.368957,0.245246,3.31826,-0.139966
1.29257,0.368957,0.245228,3.31826,-0.139966
1.29255,0.368957,0.245209,3.31826,-0.139966
1.29254,0.368957,0.24519,3.31826,-0.139966
1.29252,0.368957,0.245172,3.31826,-0.139966
1.29251,0.368957,0.245153,3.31826,-0.139966
1.2925,0.368957,0.245134,3.31826,-0.139966
1.29248,0.368957,0.245116,3.31825,-0.139966
1.29247,0.368957,0.245097,3.31825,-0.139966
1.29245,0.368957,0.245079,3.31825,-0.139966
1.29244,0.368957,0.24506,3.31825,-0.139965
1.29243,0.368957,0.245041,3.31825,-0.139965
1.29241,0.368957,0.245023,3.31825,-0.139965
1.2924,0.368957,0.245005,3.31825,-0.139965
1.29238,0.368957,0.244986,3.31825,-0.139965
1.29237,0.368957,0.244968,3.31825,-0.139965
1.29236,0.368957,0.244949,3.31825,-0.139965
1.29234,0.368957,0.244931,3.31824,-0.139965
1.29233,0.368957,0.244913,3.31824,-0.139965
1.29232,0.368957,0.244894,3.31824,-0.139965
1.2923,0.368957,0.244876,3.31824,-0.139965
1.29229,0.368957,0.244858,3.31824,-0.139964
1.29228,0.368957,0.244839,3.31824,-0.139964
1.29226,0.368957,0.244821,3.31824,-0.139964
1.29225,0.368957,0.244803,3.31824,-0.139964
1.29224,0.368957,0.244785,3.31824,-0.139964
1.29222,0.368957,0.244767,3.31824,-0.139964
1.29221,0.368957,0.244749,3.31824,-0.139964
1.2922,0.368957,0.24473,3.31823,-0.139964
1.29219,0.368957,0.244712,3.31823,-0.139964
1.29217,0.368957,0.244694,3.31823,-0.139964
1.29216,0.368957,0.244676,3.31823,-0.139964
1.29215,0.368957,0.244658,3.31823,-0.139963
1.29213,0.368957,0.24464,3.31823,-0.139963
1.29212,0.368957,0.244622,3.31823,-0.139963
1.29211,0.368957,0.244604,3.31823,-0.139963
1.2921,0.368957,0.244586,3.31823,-0.139963
1.29208,0.368957,0.244569,3.31823,-0.139963
1.29207,0.368957,0.244551,3.31822,-0.139963
1.29206,0.368957,0.244533,3.31822,-0.139963
1.29205,0.368957,0.244515,3.31822,-0.139963
1.29203,0.368957,0.244497,3.31822,-0.139963
1.29202,0.368957,0.244479,3.31822,-0.139963
1.29201,0.368957,0.244462,3.31822,-0.139962
1.292,0.368957,0.244444,3.31822,-0.139962
1.29198,0.368957,0.244426,3.31822,-0.139962
1.29197,0.368957,0.244408,3.31822,-0.139962
1.29196,0.368957,0.244391,3.31822,-0.139962
1.29195,0.368957,0.244373,3.31822,-0.139962
1.29194,0.368957,0.244355,3.31821,-0.139962
1.29192,0.368957,0.244338,3.31821,-0.139962
1.29191,0.368957,0.24432,3.31821,-0.139962
1.2919,0.368957,0.244303,3.31821,-0.139962
1.29189,0.368957,0.244285,3.31821,-0.139962
1.29188,0.368957,0.244268,3.31821,-0.139961
1.29186,0.368957,0.24425,3.31821,-0.139961
1.29185,0.368957,0.244233,3.31821,-0.139961
1.29184,0.368957,0.244215,3.31821,-0.139961
1.29183,0.368957,0.244198,3.31821,-0.139961
1.29182,0.368957,0.24418,3.3182,-0.139961
1.29181,0.368957,0.244163,3.3182,-0.139961
1.29179,0.368957,0.244145,3.3182,-0.139961
1.29178,0.371501,0.244128,3.3182,-0.139961
1.29177,0.371501,0.244111,3.3182,-0.139961
1.29176,0.371501,0.244093,3.3182,-0.139961
1.29175,0.371501,0.244076,3.3182,-0.139961
1.29174,0.371501,0.244059,3.3182,-0.13996
1.29173,0.371501,0.244041,3.3182,-0.13996
1.29171,0.371501,0.244024,3.3182,-0.13996
1.2917,0.371501,0.244007,3.3182,-0.13996
1.29169,0.371501,0.24399,3.31819,-0.13996
1.29168,0.371501,0.243973,3.31819,-0.13996
1.29167,0.371501,0.243955,3.31819,-0.13996
1.29166,0.371501,0.243938,3.31819,-0.13996
1.29165,0.371501,0.243921,3.31819,-0.13996
1.29164,0.371501,0.243904,3.31819,-0.13996
1.29162,0.371501,0.243887,3.31819,-0.13996
1.29161,0.371501,0.24387,3.31819,-0.139959
1.2916,0.371501,0.243853,3.31819,-0.139959
1.29159,0.371501,0.243836,3.31819,-0.139959
1.29158,0.371501,0.243819,3.31818,-0.139959
1.29157,0.371501,0.243802,3.31818,-0.139959
1.29156,0.371501,0.243785,3.31818,-0.139959
1.29155,0.371501,0.243768,3.31818,-0.139959
1.29154,0.371501,0.243751,3.31818,-0.139959
1.29153,0.371501,0.243734,3.31818,-0.139959
1.29152,0.371501,0.243717,3.31818,-0.139959
1.29151,0.371501,0.2437,3.31818,-0.139959
1.2915,0.371501,0.243683,3.31818,-0.139958
1.29149,0.371501,0.243667,3.31818,-0.139958
1.29148,0.371501,0.24365,3.31818,-0.139958
1.29146,0.371501,0.243633,3.31817,-0.139958
1.29145,0.371501,0.243616,3.31817,-0.139958
1.29144,0.371501,0.243599,3.31817,-0.139958
1.29143,0.371501,0.243583,3.31817,-0.139958
1.29142,0.371501,0.243566,3.31817,-0.139958
1.29141,0.371501,0.243549,3.31817,-0.139958
1.2914,0.371501,0.243533,3.31817,-0.139958
1.29139,0.371501,0.243516,3.31817,-0.139958
1.29138,0.371501,0.243499,3.31817,-0.139957
1.29137,0.371501,0.243483,3.31817,-0.139957
1.29136,0.371501,0.243466,3.31816,-0.139957
1.29135,0.371501,0.243449,3.31816,-0.139957
1.29134,0.371501,0.243433,3.31816,-0.139957
1.29133,0.371501,0.243416,3.31816,-0.139957
1.29132,0.371501,0.2434,3.31816,-0.139957
1.29131,0.371501,0.243383,3.31816,-0.139957
1.2913,0.371501,0.243367,3.31816,-0.139957
1.29129,0.371501,0.24335,3.31816,-0.139957
1.29128,0.371501,0.243334,3.31816,-0.139957
1.29127,0.371501,0.243317,3.31816,-0.139956
1.29126,0.371501,0.243301,3.31816,-0.139956
1.29125,0.371501,0.243284,3.31815,-0.139956
1.29124,0.371501,0.243268,3.31815,-0.139956
1.29123,0.371501,0.243252,3.31815,-0.139956
1.29122,0.371501,0.243235,3.31815,-0.139956
1.29121,0.371501,0.243219,3.31815,-0.139956
1.2912,0.371501,0.243203,3.31815,-0.139956
1.29119,0.371501,0.243186,3.31815,-0.139956
1.29119,0.371501,0.24317,3.31815,-0.139956
1.29118,0.371501,0.243154,3.31815,-0.139956
1.29117,0.371501,0.243137,3.31815,-0.139956
1.29116,0.371501,0.243121,3.31814,-0.139955
1.29115,0.371501,0.243105,3.31814,-0.139955
1.29114,0.371501,0.243089,3.31814,-0.139955
1.29113,0.371501,0.243072,3.31814,-0.139955
1.29112,0.371501,0.243056,3.31814,-0.139955
1.29111,0.371501,0.24304,3.31814,-0.139955
1.2911,0.371501,0.243024,3.31814,-0.139955
1.29109,0.371501,0.243008,3.31814,-0.139955
1.29108,0.371501,0.242992,3.31814,-0.139955
1.29107,0.374046,0.242976,3.31814,-0.139955
1.29107,0.374046,0.24296,3.31814,-0.139955
1.29106,0.374046,0.242943,3.31813,-0.139954
1.29105,0.374046,0.242927,3.31813,-0.139954
1.29104,0.37659,0.242911,3.31813,-0.139954
1.29103,0.37659,0.242895,3.31813,-0.139954
1.29102,0.37659,0.242879,3.31813,-0.139954
1.29101,0.37659,0.242863,3.31813,-0.139954
1.291,0.37659,0.242847,3.31813,-0.139954
1.29099,0.37659,0.242831,3.31813,-0.139954
1.29099,0.37659,0.242815,3.31813,-0.139954
1.29098,0.37659,0.2428,3.31813,-0.139954
1.29097,0.37659,0.242784,3.31812,-0.139954
1.29096,0.37659,0.242768,3.31812,-0.139953
1.29095,0.37659,0.242752,3.31812,-0.139953
1.29094,0.37659,0.242736,3.31812,-0.139953
1.29093,0.37659,0.24272,3.31812,-0.139953
1.29092,0.37659,0.242704,3.31812,-0.139953
1.29092,0.37659,0.242689,3.31812,-0.139953
1.29091,0.37659,0.242673,3.31812,-0.139953
1.2909,0.37659,0.242657,3.31812,-0.139953
1.29089,0.37659,0.242641,3.31812,-0.139953
1.29088,0.37659,0.242625,3.31812,-0.139953
1.29087,0.37659,0.24261,3.31811,-0.139953
1.29087,0.37659,0.242594,3.31811,-0.139952
1.29086,0.37659,0.242578,3.31811,-0.139952
1.29085,0.37659,0.242563,3.31811,-0.139952
1.29084,0.37659,0.242547,3.31811,-0.139952
1.29083,0.37659,0.242531,3.31811,-0.139952
1.29082,0.379135,0.242516,3.31811,-0.139952
1.29082,0.379135,0.2425,3.31811,-0.139952
1.29081,0.379135,0.242484,3.31811,-0.139952
1.2908,0.379135,0.242469,3.31811,-0.139952
1.29079,0.379135,0.242453,3.3181,-0.139952
1.29078,0.379135,0.242438,3.3181,-0.139952
1.29078,0.379135,0.242422,3.3181,-0.139951
1.29077,0.379135,0.242407,3.3181,-0.139951
1.29076,0.379135,0.242391,3.3181,-0.139951
1.29075,0.379135,0.242376,3.3181,-0.139951
1.29074,0.379135,0.24236,3.3181,-0.139951
1.29074,0.379135,0.242345,3.3181,-0.139951
1.29073,0.379135,0.242329,3.3181,-0.139951
1.29072,0.379135,0.242314,3.3181,-0.139951
1.29071,0.379135,0.242298,3.3181,-0.139951
1.2907,0.379135,0.242283,3.31809,-0.139951
1.2907,0.379135,0.242267,3.31809,-0.139951
1.29069,0.379135,0.242252,3.31809,-0.13995
1.29068,0.379135,0.242237,3.31809,-0.13995
1.29067,0.379135,0.242221,3.31809,-0.13995
1.29067,0.379135,0.242206,3.31809,-0.13995
1.29066,0.379135,0.242191,3.31809,-0.13995
1.29065,0.379135,0.242175,3.31809,-0.13995
1.29064,0.379135,0.24216,3.31809,-0.13995
1.29064,0.379135,0.242145,3.31809,-0.13995
1.29063,0.379135,0.242129,3.31808,-0.13995
1.29062,0.379135,0.242114,3.31808,-0.13995
1.29061,0.379135,0.242099,3.31808,-0.13995
1.29061,0.379135,0.242084,3.31808,-0.13995
1.2906,0.379135,0.242068,3.31808,-0.139949
1.29059,0.379135,0.242053,3.31808,-0.139949
1.29058,0.379135,0.242038,3.31808,-0.139949
1.29058,0.379135,0.242023,3.31808,-0.139949
1.29057,0.379135,0.242008,3.31808,-0.139949
1.29056,0.379135,0.241992,3.31808,-0.139949
1.29056,0.379135,0.241977,3.31808,-0.139949
1.29055,0.379135,0.241962,3.31807,-0.139949
1.29054,0.379135,0.241947,3.31807,-0.139949
1.29053,0.379135,0.241932,3.31807,-0.139949
1.29053,0.379135,0.241917,3.31807,-0.139949
1.29052,0.381679,0.241902,3.31807,-0.139948
1.29051,0.381679,0.241887,3.31807,-0.139948
1.29051,0.381679,0.241872,3.31807,-0.139948
1.2905,0.381679,0.241857,3.31807,-0.139948
1.29049,0.381679,0.241842,3.31807,-0.139948
1.29048,0.381679,0.241827,3.31807,-0.139948
1.29048,0.381679,0.241812,3.31806,-0.139948
1.29047,0.381679,0.241797,3.31806,-0.139948
1.29046,0.381679,0.241782,3.31806,-0.139948
1.29046,0.381679,0.241767,3.31806,-0.139948
1.29045,0.381679,0.241752,3.31806,-0.139948
1.29044,0.381679,0.241737,3.31806,-0.139947
1.29044,0.381679,0.241722,3.31806,-0.139947
1.29043,0.379135,0.241707,3.31806,-0.139947
1.29042,0.379135,0.241692,3.31806,-0.139947
1.29042,0.379135,0.241677,3.31806,-0.139947
1.29041,0.379135,0.241663,3.31806,-0.139947
1.2904,0.379135,0.241648,3.31805,-0.139947
1.2904,0.379135,0.241633,3.31805,-0.139947
1.29039,0.379135,0.241618,3.31805,-0.139947
1.29038,0.379135,0.241603,3.31805,-0.139947
1.29038,0.379135,0.241588,3.31805,-0.139947
1.29037,0.379135,0.241574,3.31805,-0.139946
1.29036,0.381679,0.241559,3.31805,-0.139946
1.29036,0.381679,0.241544,3.31805,-0.139946
1.29035,0.381679,0.241529,3.31805,-0.139946
1.29034,0.381679,0.241515,3.31805,-0.139946
1.29034,0.381679,0.2415,3.31804,-0.139946
1.29033,0.381679,0.241485,3.31804,-0.139946
1.29032,0.381679,0.241471,3.31804,-0.139946
1.29032,0.381679,0.241456,3.31804,-0.139946
1.29031,0.381679,0.241441,3.31804,-0.139946
1.29031,0.381679,0.241427,3.31804,-0.139946
1.2903,0.381679,0.241412,3.31804,-0.139945
1.29029,0.381679,0.241397,3.31804,-0.139945
1.29029,0.381679,0.241383,3.31804,-0.139945
1.29028,0.381679,0.241368,3.31804,-0.139945
1.29027,0.381679,0.241354,3.31804,-0.139945
1.29027,0.381679,0.241339,3.31803,-0.139945
1.29026,0.381679,0.241324,3.31803,-0.139945
1.29026,0.381679,0.24131,3.31803,-0.139945
1.29025,0.381679,0.241295,3.31803,-0.139945
1.29024,0.381679,0.241281,3.31803,-0.139945
1.29024,0.379135,0.241266,3.31803,-0.139945
1.29023,0.379135,0.241252,3.31803,-0.139945
1.29023,0.379135,0.241237,3.31803,-0.139944
1.29022,0.379135,0.241223,3.31803,-0.139944
1.29021,0.379135,0.241208,3.31803,-0.139944
1.29021,0.379135,0.241194,3.31802,-0.139944
1.2902,0.379135,0.241179,3.31802,-0.139944
1.2902,0.379135,0.241165,3.31802,-0.139944
1.29019,0.379135,0.241151,3.31802,-0.139944
1.29019,0.379135,0.241136,3.31802,-0.139944
1.29018,0.379135,0.241122,3.31802,-0.139944
1.29017,0.379135,0.241107,3.31802,-0.139944
1.29017,0.379135,0.241093,3.31802,-0.139944
1.29016,0.379135,0.241079,3.31802,-0.139943
1.29016,0.379135,0.241064,3.31802,-0.139943
1.29015,0.379135,0.24105,3.31802,-0.139943
1.29015,0.379135,0.241036,3.31801,-0.139943
1.29014,0.379135,0.241021,3.31801,-0.139943
1.29013,0.379135,0.241007,3.31801,-0.139943
1.29013,0.379135,0.240993,3.31801,-0.139943
1.29012,0.379135,0.240978,3.31801,-0.139943
1.29012,0.379135,0.240964,3.31801,-0.139943
1.29011,0.379135,0.24095,3.31801,-0.139943
1.29011,0.379135,0.240936,3.31801,-0.139943
1.2901,0.379135,0.240921,3.31801,-0.139942
1.2901,0.379135,0.240907,3.31801,-0.139942
1.29009,0.379135,0.240893,3.318,-0.139942
1.29008,0.379135,0.240879,3.318,-0.139942
1.29008,0.379135,0.240865,3.318,-0.139942
1.29007,0.379135,0.24085,3.318,-0.139942
1.29007,0.379135,0.240836,3.318,-0.139942
1.29006,0.379135,0.240822,3.318,-0.139942
1.29006,0.379135,0.240808,3.318,-0.139942
1.29005,0.379135,0.240794,3.318,-0.139942
1.29005,0.379135,0.24078,3.318,-0.139942
1.29004,0.379135,0.240766,3.318,-0.139941
1.29004,0.379135,0.240752,3.318,-0.139941
1.29003,0.379135,0.240737,3.31799,-0.139941
1.29003,0.379135,0.240723,3.31799,-0.139941
1.29002,0.379135,0.240709,3.31799,-0.139941
1.29002,0.379135,0.240695,3.31799,-0.139941
1.29001,0.379135,0.240681,3.31799,-0.139941
1.29001,0.379135,0.240667,3.31799,-0.139941
1.29,0.379135,0.240653,3.31799,-0.139941
1.29,0.379135,0.240639,3.31799,-0.139941
1.28999,0.379135,0.240625,3.31799,-0.139941
1.28999,0.379135,0.240611,3.31799,-0.13994
1.28998,0.379135,0.240597,3.31798,-0.13994
1.28998,0.379135,0.240583,3.31798,-0.13994
1.28997,0.379135,0.240569,3.31798,-0.13994
1.28997,0.379135,0.240555,3.31798,-0.13994
1.28996,0.379135,0.240541,3.31798,-0.13994
1.28996,0.379135,0.240528,3.31798,-0.13994
1.28995,0.379135,0.240514,3.31798,-0.13994
1.28995,0.379135,0.2405,3.31798,-0.13994
1.28994,0.379135,0.240486,3.31798,-0.13994
1.28994,0.379135,0.240472,3.31798,-0.13994
1.28993,0.379135,0.240458,3.31798,-0.13994
1.28993,0.379135,0.240444,3.31797,-0.139939
1.28992,0.379135,0.24043,3.31797,-0.139939
1.28992,0.379135,0.240417,3.31797,-0.139939
1.28991,0.379135,0.240403,3.31797,-0.139939
1.28991,0.379135,0.240389,3.31797,-0.139939
1.2899,0.379135,0.240375,3.31797,-0.139939
1.2899,0.379135,0.240361,3.31797,-0.139939
1.28989,0.379135,0.240348,3.31797,-0.139939
1.28989,0.379135,0.240334,3.31797,-0.139939
1.28989,0.379135,0.24032,3.31797,-0.139939
1.28988,0.379135,0.240306,3.31796,-0.139939
1.28988,0.379135,0.240293,3.31796,-0.139938
1.28987,0.379135,0.240279,3.31796,-0.139938
1.28987,0.379135,0.240265,3.31796,-0.139938
1.28986,0.379135,0.240251,3.31796,-0.139938
1.28986,0.379135,0.240238,3.31796,-0.139938
1.28985,0.379135,0.240224,3.31796,-0.139938
1.28985,0.379135,0.24021,3.31796,-0.139938
1.28984,0.379135,0.240197,3.31796,-0.139938
1.28984,0.379135,0.240183,3.31796,-0.139938
1.28984,0.379135,0.240169,3.31796,-0.139938
1.28983,0.379135,0.240156,3.31795,-0.139938
1.28983,0.379135,0.240142,3.31795,-0.139937
1.28982,0.379135,0.240128,3.31795,-0.139937
1.28982,0.379135,0.240115,3.31795,-0.139937
1.28981,0.379135,0.240101,3.31795,-0.139937
1.28981,0.379135,0.240088,3.31795,-0.139937
1.28981,0.379135,0.240074,3.31795,-0.139937
1.2898,0.379135,0.240061,3.31795,-0.139937
1.2898,0.379135,0.240047,3.31795,-0.139937
1.28979,0.379135,0.240033,3.31795,-0.139937
1.28979,0.379135,0.24002,3.31794,-0.139937
1.28979,0.379135,0.240006,3.31794,-0.139937
1.28978,0.379135,0.239993,3.31794,-0.139936
1.28978,0.379135,0.239979,3.31794,-0.139936
1.28977,0.379135,0.239966,3.31794,-0.139936
1.28977,0.379135,0.239952,3.31794,-0.139936
1.28977,0.379135,0.239939,3.31794,-0.139936
1.28976,0.379135,0.239926,3.31794,-0.139936
1.28976,0.379135,0.239912,3.31794,-0.139936
1.28975,0.379135,0.239899,3.31794,-0.139936
1.28975,0.379135,0.239885,3.31793,-0.139936
1.28975,0.379135,0.239872,3.31793,-0.139936
1.28974,0.379135,0.239858,3.31793,-0.139936
1.28974,0.379135,0.239845,3.31793,-0.139935
1.28973,0.379135,0.239832,3.31793,-0.139935
1.28973,0.379135,0.239818,3.31793,-0.139935
1.28973,0.379135,0.239805,3.31793,-0.139935
1.28972,0.379135,0.239791,3.31793,-0.139935
1.28972,0.379135,0.239778,3.31793,-0.139935
1.28971,0.379135,0.239765,3.31793,-0.139935
1.28971,0.379135,0.239751,3.31793,-0.139935
1.28971,0.379135,0.239738,3.31792,-0.139935
1.2897,0.379135,0.239725,3.31792,-0.139935
1.2897,0.379135,0.239711,3.31792,-0.139935
1.2897,0.379135,0.239698,3.31792,-0.139934
1.28969,0.379135,0.239685,3.31792,-0.139934
1.28969,0.379135,0.239671,3.31792,-0.139934
1.28969,0.379135,0.239658,3.31792,-0.139934
1.28968,0.379135,0.239645,3.31792,-0.139934
1.28968,0.379135,0.239632,3.31792,-0.139934
1.28967,0.379135,0.239618,3.31792,-0.139934
1.28967,0.379135,0.239605,3.31791,-0.139934
1.28967,0.379135,0.239592,3.31791,-0.139934
1.28966,0.379135,0.239579,3.31791,-0.139934
1.28966,0.379135,0.239566,3.31791,-0.139934
1.28966,0.379135,0.239552,3.31791,-0.139934
1.28965,0.379135,0.239539,3.31791,-0.139933
1.28965,0.379135,0.239526,3.31791,-0.139933
1.28965,0.379135,0.239513,3.31791,-0.139933
1.28964,0.379135,0.2395,3.31791,-0.139933
1.28964,0.379135,0.239487,3.31791,-0.139933
1.28964,0.379135,0.239473,3.31791,-0.139933
1.28963,0.379135,0.23946,3.3179,-0.139933
1.28963,0.379135,0.239447,3.3179,-0.139933
1.28963,0.379135,0.239434,3.3179,-0.139933
1.28962,0.379135,0.239421,3.3179,-0.139933
1.28962,0.379135,0.239408,3.3179,-0.139933
1.28962,0.379135,0.239395,3.3179,-0.139932
1.28961,0.379135,0.239382,3.3179,-0.139932
1.28961,0.379135,0.239368,3.3179,-0.139932
1.28961,0.379135,0.239355,3.3179,-0.139932
1.2896,0.379135,0.239342,3.3179,-0.139932
1.2896,0.379135,0.239329,3.31789,-0.139932
1.2896,0.379135,0.239316,3.31789,-0.139932
1.28959,0.37659,0.239303,3.31789,-0.139932
1.28959,0.37659,0.23929,3.31789,-0.139932
1.28959,0.37659,0.239277,3.31789,-0.139932
1.28958,0.37659,0.239264,3.31789,-0.139932
1.28958,0.37659,0.239251,3.31789,-0.139931
1.28958,0.37659,0.239238,3.31789,-0.139931
1.28957,0.37659,0.239225,3.31789,-0.139931
1.28957,0.37659,0.239212,3.31789,-0.139931
1.28957,0.37659,0.239199,3.31789,-0.139931
1.28956,0.379135,0.239186,3.31788,-0.139931
1.28956,0.379135,0.239174,3.31788,-0.139931
1.28956,0.379135,0.239161,3.31788,-0.139931
1.28956,0.379135,0.239148,3.31788,-0.139931
1.28955,0.379135,0.239135,3.31788,-0.139931
1.28955,0.379135,0.239122,3.31788,-0.139931
1.28955,0.379135,0.239109,3.31788,-0.13993
1.28954,0.379135,0.239096,3.31788,-0.13993
1.28954,0.379135,0.239083,3.31788,-0.13993
1.28954,0.379135,0.23907,3.31788,-0.13993
1.28954,0.379135,0.239058,3.31787,-0.13993
1.28953,0.379135,0.239045,3.31787,-0.13993
1.28953,0.379135,0.239032,3.31787,-0.13993
1.28953,0.379135,0.239019,3.31787,-0.13993
1.28953,0.379135,0.239006,3.31787,-0.13993
1.28952,0.379135,0.238993,3.31787,-0.13993
1.28952,0.379135,0.238981,3.31787,-0.13993
1.28952,0.379135,0.238968,3.31787,-0.139929
1.28951,0.379135,0.238955,3.31787,-0.139929
1.28951,0.379135,0.238942,3.31787,-0.139929
1.28951,0.379135,0.238929,3.31787,-0.139929
1.28951,0.379135,0.238917,3.31786,-0.139929
1.2895,0.379135,0.238904,3.31786,-0.139929
1.2895,0.379135,0.238891,3.31786,-0.139929
1.2895,0.379135,0.238878,3.31786,-0.139929
1.2895,0.379135,0.238866,3.31786,-0.139929
1.28949,0.379135,0.238853,3.31786,-0.139929
1.28949,0.379135,0.23884,3.31786,-0.139929
1.28949,0.379135,0.238828,3.31786,-0.139929
1.28949,0.379135,0.238815,3.31786,-0.139928
1.28948,0.379135,0.238802,3.31786,-0.139928
1.28948,0.379135,0.238789,3.31785,-0.139928
1.28948,0.379135,0.238777,3.31785,-0.139928
1.28948,0.379135,0.238764,3.31785,-0.139928
1.28947,0.379135,0.238751,3.31785,-0.139928
1.28947,0.379135,0.238739,3.31785,-0.139928
1.28947,0.379135,0.238726,3.31785,-0.139928
1.28947,0.379135,0.238714,3.31785,-0.139928
1.28946,0.379135,0.238701,3.31785,-0.139928
1.28946,0.379135,0.238688,3.31785,-0.139928
1.28946,0.379135,0.238676,3.31785,-0.139927
1.28946,0.379135,0.238663,3.31785,-0.139927
1.28945,0.379135,0.238651,3.31785,-0.139927
1.28945,0.379135,0.238638,3.31785,-0.139927
1.28945,0.379135,0.238625,3.31785,-0.139927
1.28945,0.379135,0.238613,3.31785,-0.139927
1.28945,0.379135,0.2386,3.31785,-0.139927
1.28944,0.379135,0.238588,3.31785,-0.139927
1.28944,0.379135,0.238575,3.31785,-0.139927
1.28944,0.379135,0.238563,3.31785,-0.139927
1.28944,0.379135,0.23855,3.31785,-0.139927
1.28943,0.379135,0.238538,3.31784,-0.139926
1.28943,0.379135,0.238525,3.31784,-0.139926
1.28943,0.379135,0.238513,3.31784,-0.139926
1.28943,0.379135,0.2385,3.31784,-0.139926
1.28943,0.379135,0.238488,3.31784,-0.139926
1.28942,0.379135,0.238475,3.31784,-0.139926
1.28942,0.379135,0.238463,3.31784,-0.139926
1.28942,0.379135,0.23845,3.31784,-0.139926
1.28942,0.379135,0.238438,3.31784,-0.139926
1.28942,0.379135,0.238425,3.31784,-0.139926
1.28942,0.379135,0.238413,3.31784,-0.139926
1.28941,0.379135,0.2384,3.31784,-0.139925
1.28941,0.379135,0.238388,3.31784,-0.139925
1.28941,0.379135,0.238376,3.31784,-0.139925
1.28941,0.379135,0.238363,3.31784,-0.139925
1.2894,0.37659,0.238351,3.31784,-0.139925
1.2894,0.37659,0.238338,3.31784,-0.139925
1.2894,0.37659,0.238326,3.31784,-0.139925
1.2894,0.37659,0.238314,3.31784,-0.139925
1.2894,0.37659,0.238301,3.31784,-0.139925
1.2894,0.37659,0.238289,3.31784,-0.139925
1.28939,0.37659,0.238277,3.31783,-0.139925
1.28939,0.37659,0.238264,3.31783,-0.139924
1.28939,0.37659,0.238252,3.31783,-0.139924
1.28939,0.37659,0.238239,3.31783,-0.139924
1.28939,0.37659,0.238227,3.31783,-0.139924
1.28938,0.37659,0.238215,3.31783,-0.139924
1.28938,0.37659,0.238203,3.31783,-0.139924
1.28938,0.37659,0.23819,3.31783,-0.139924
1.28938,0.37659,0.238178,3.31783,-0.139924
1.28938,0.37659,0.238166,3.31783,-0.139924
1.28938,0.37659,0.238153,3.31783,-0.139924
1.28937,0.37659,0.238141,3.31783,-0.139924
1.28937,0.37659,0.238129,3.31783,-0.139923
1.28937,0.37659,0.238117,3.31783,-0.139923
1.28937,0.37659,0.238104,3.31783,-0.139923
1.28937,0.37659,0.238092,3.31783,-0.139923
1.28937,0.37659,0.23808,3.31783,-0.139923
1.28937,0.37659,0.238068,3.31783,-0.139923
1.28936,0.37659,0.238055,3.31783,-0.139923
1.28936,0.37659,0.238043,3.31783,-0.139923
1.28936,0.37659,0.238031,3.31783,-0.139923
1.28936,0.37659,0.238019,3.31782,-0.139923
1.28936,0.37659,0.238007,3.31782,-0.139923
1.28935,0.37659,0.237994,3.31782,-0.139923
1.28935,0.37659,0.237982,3.31782,-0.139922
1.28935,0.37659,0.23797,3.31782,-0.139922
1.28935,0.37659,0.237958,3.31782,-0.139922
1.28935,0.37659,0.237946,3.31782,-0.139922
1.28935,0.37659,0.237934,3.31782,-0.139922
1.28935,0.37659,0.237921,3.31782,-0.139922
1.28935,0.37659,0.237909,3.31782,-0.139922
1.28934,0.37659,0.237897,3.31782,-0.139922
1.28934,0.37659,0.237885,3.31782,-0.139922
1.28934,0.37659,0.237873,3.31782,-0.139922
1.28934,0.37659,0.237861,3.31782,-0.139922
1.28934,0.37659,0.237849,3.31782,-0.139921
1.28934,0.37659,0.237837,3.31782,-0.139921
1.28934,0.37659,0.237825,3.31782,-0.139921
1.28934,0.37659,0.237813,3.31782,-0.139921
1.28933,0.37659,0.237801,3.31782,-0.139921
1.28933,0.37659,0.237789,3.31782,-0.139921
1.28933,0.37659,0.237776,3.31782,-0.139921
1.28933,0.37659,0.237764,3.31781,-0.139921
1.28933,0.37659,0.237752,3.31781,-0.139921
1.28933,0.37659,0.23774,3.31781,-0.139921
1.28933,0.37659,0.237728,3.31781,-0.139921
1.28932,0.37659,0.237716,3.31781,-0.13992
1.28932,0.37659,0.237704,3.31781,-0.13992
1.28932,0.37659,0.237692,3.31781,-0.13992
1.28932,0.37659,0.23768,3.31781,-0.13992
1.28932,0.37659,0.237668,3.31781,-0.13992
1.28932,0.37659,0.237656,3.31781,-0.13992
1.28932,0.37659,0.237644,3.31781,-0.13992
1.28932,0.37659,0.237632,3.31781,-0.13992
1.28932,0.37659,0.23762,3.31781,-0.13992
1.28932,0.37659,0.237608,3.31781,-0.13992
1.28931,0.37659,0.237597,3.31781,-0.13992
1.28931,0.37659,0.237585,3.31781,-0.139919
1.28931,0.37659,0.237573,3.31781,-0.139919
1.28931,0.37659,0.237561,3.31781,-0.139919
1.28931,0.37659,0.237549,3.31781,-0.139919
1.28931,0.37659,0.237537,3.31781,-0.139919
1.28931,0.37659,0.237525,3.31781,-0.139919
1.28931,0.37659,0.237513,3.3178,-0.139919
1.28931,0.37659,0.237501,3.3178,-0.139919
1.28931,0.37659,0.237489,3.3178,-0.139919
1.2893,0.37659,0.237477,3.3178,-0.139919
1.2893,0.37659,0.237466,3.3178,-0.139919
1.2893,0.37659,0.237454,3.3178,-0.139918
1.2893,0.37659,0.237442,3.3178,-0.139918
1.2893,0.37659,0.23743,3.3178,-0.139918
1.2893,0.37659,0.237418,3.3178,-0.139918
1.2893,0.37659,0.237406,3.3178,-0.139918
1.2893,0.37659,0.237395,3.3178,-0.139918
1.2893,0.37659,0.237383,3.3178,-0.139918
1.2893,0.37659,0.237371,3.3178,-0.139918
1.2893,0.37659,0.237359,3.3178,-0.139918
1.28929,0.37659,0.237347,3.3178,-0.139918
1.28929,0.374046,0.237335,3.3178,-0.139918
1.28929,0.374046,0.237324,3.3178,-0.139918
1.28929,0.374046,0.237312,3.3178,-0.139917
1.28929,0.374046,0.2373,3.3178,-0.139917
1.28929,0.374046,0.237288,3.3178,-0.139917
1.28929,0.374046,0.237277,3.3178,-0.139917
1.28929,0.374046,0.237265,3.31779,-0.139917
1.28929,0.374046,0.237253,3.31779,-0.139917
1.28929,0.374046,0.237241,3.31779,-0.139917
1.28929,0.374046,0.23723,3.31779,-0.139917
1.28929,0.374046,0.237218,3.31779,-0.139917
1.28929,0.374046,0.237206,3.31779,-0.139917
1.28929,0.374046,0.237195,3.31779,-0.139917
1.28929,0.374046,0.237183,3.31779,-0.139916
1.28928,0.374046,0.237171,3.31779,-0.139916
1.28928,0.374046,0.237159,3.31779,-0.139916
1.28928,0.374046,0.237148,3.31779,-0.139916
1.28928,0.374046,0.237136,3.31779,-0.139916
1.28928,0.374046,0.237124,3.31779,-0.139916
1.28928,0.374046,0.237113,3.31779,-0.139916
1.28928,0.374046,0.237101,3.31779,-0.139916
1.28928,0.374046,0.237089,3.31779,-0.139916
1.28928,0.374046,0.237078,3.31779,-0.139916
1.28928,0.374046,0.237066,3.31779,-0.139916
1.28928,0.374046,0.237054,3.31779,-0.139915
1.28928,0.374046,0.237043,3.31779,-0.139915
1.28928,0.374046,0.237031,3.31779,-0.139915
1.28928,0.374046,0.23702,3.31778,-0.139915
1.28928,0.374046,0.237008,3.31778,-0.139915
1.28928,0.374046,0.236996,3.31778,-0.139915
1.28928,0.374046,0.236985,3.31778,-0.139915
1.28928,0.374046,0.236973,3.31778,-0.139915
1.28928,0.374046,0.236962,3.31778,-0.139915
1.28928,0.374046,0.23695,3.31778,-0.139915
1.28928,0.374046,0.236938,3.31778,-0.139915
1.28927,0.374046,0.236927,3.31778,-0.139914
1.28928,0.374046,0.236915,3.31778,-0.139914
1.28927,0.374046,0.236904,3.31778,-0.139914
1.28927,0.374046,0.236892,3.31778,-0.139914
1.28927,0.374046,0.236881,3.31778,-0.139914
1.28927,0.374046,0.236869,3.31778,-0.139914
1.28927,0.374046,0.236858,3.31778,-0.139914
1.28927,0.374046,0.236846,3.31778,-0.139914
1.28927,0.374046,0.236835,3.31778,-0.139914
1.28927,0.374046,0.236823,3.31778,-0.139914
1.28927,0.374046,0.236812,3.31778,-0.139914
1.28927,0.374046,0.2368,3.31778,-0.139913
1.28927,0.374046,0.236789,3.31778,-0.139913
1.28927,0.374046,0.236777,3.31777,-0.139913
1.28927,0.374046,0.236766,3.31777,-0.139913
1.28927,0.374046,0.236754,3.31777,-0.139913
1.28927,0.374046,0.236743,3.31777,-0.139913
1.28927,0.374046,0.236731,3.31777,-0.139913
1.28927,0.374046,0.23672,3.31777,-0.139913
1.28927,0.374046,0.236708,3.31777,-0.139913
1.28927,0.374046,0.236697,3.31777,-0.139913
1.28927,0.374046,0.236685,3.31777,-0.139913
1.28927,0.374046,0.236674,3.31777,-0.139913
1.28927,0.374046,0.236663,3.31777,-0.139912
1.28927,0.374046,0.236651,3.31777,-0.139912
1.28927,0.374046,0.23664,3.31777,-0.139912
1.28927,0.374046,0.236628,3.31777,-0.139912
1.28927,0.374046,0.236617,3.31777,-0.139912
1.28927,0.374046,0.236605,3.31777,-0.139912
1.28927,0.374046,0.236594,3.31777,-0.139912
1.28927,0.374046,0.236583,3.31777,-0.139912
1.28927,0.374046,0.236571,3.31777,-0.139912
1.28927,0.374046,0.23656,3.31777,-0.139912
1.28927,0.374046,0.236549,3.31777,-0.139912
1.28927,0.374046,0.236537,3.31776,-0.139911
1.28927,0.374046,0.236526,3.31776,-0.139911
1.28927,0.374046,0.236515,3.31776,-0.139911
1.28927,0.374046,0.236503,3.31776,-0.139911
1.28927,0.374046,0.236492,3.31776,-0.139911
1.28927,0.374046,0.236481,3.31776,-0.139911
1.28927,0.374046,0.236469,3.31776,-0.139911
1.28927,0.374046,0.236458,3.31776,-0.139911
1.28927,0.374046,0.236447,3.31776,-0.139911
1.28927,0.374046,0.236435,3.31776,-0.139911
1.28927,0.374046,0.236424,3.31776,-0.139911
1.28927,0.374046,0.236413,3.31776,-0.13991
1.28927,0.374046,0.236401,3.31776,-0.13991
