2112.89
1963.05
2055.63
2042.97
2047.12
2086.09
1999.83
2100.99
2028.54
2051.7
2014.99
1977.99
2090.14
1989.15
1967.51
2014.99
2055.34
1962.42
2105.91
2107.12
2086.61
5.32493e-44
0
2.10195e-44
1.54075e-33
8.13636e-41
4.06527e-38
4.0651e-38
-4.04968e-14
8.13608e-41
2088.78
1960.04
2053.49
2060.64
2040.32
2022.88
1982.64
2088.39
1970.47
1959.39
2043.9
2054.02
1960.04
2038.26
2013.52
1960.04
2091.2
2004.94
2008.4
1995.36
2007.72
1966.01
1995.63
2043.43
6.16298e-33
8.13636e-41
4.05947e-38
4.06544e-38
-6.32762e-16
8.13608e-41
1970.03
2039.78
1992.55
2027.87
2003.28
2000.23
1976.33
2048.81
1983.3
2011
2046.43
1970.03
2045.18
2059.9
1999.18
2008.4
2039.18
2018.45
2018.71
2069.04
1984.57
1970.03
0
2.10195e-44
2.46519e-32
8.13636e-41
4.08447e-38
4.06531e-38
-2.53105e-15
8.13608e-41
1972.29
2047.8
2025.24
2038.3
2045.45
2060.9
1974.04
1975.79
1978.36
2015.81
1963.5
2068.66
2072.56
2013.4
1974.04
2057.66
2043.64
2035.19
2082.48
1972.07
1977.9
2001.11
2018.88
2.10195e-44
7.55552e+31
1.08353e+24
1.05056e-38
7.37849e+28
-9.88691e-18
8.13608e-41
2027.27
1965.35
2011.7
1970.84
2002.13
1979.11
2020.74
2007.98
1978.06
1977.78
1961.71
1966.03
1967.38
1955.79
1946.99
2002.63
2006.35
1946.31
1953.84
1966.03
1974.94
1988.24
2012.7
1983.2
1969.1
1980.52
4.06544e-38
4.0651e-38
-6.51501e-13
3.87852e-34
2004.44
1996.9
1968.03
1996.86
2009.87
1977.98
1969.64
1961.6
2005.38
2033.2
1968.03
2046.04
2034.16
1970.48
2014.69
2004.37
2027.13
1979.17
1975.88
2010.93
2033.17
1967
2004.45
2012.17
1999.01
4.62289e+30
1.12393e+24
2.85209e-14
-1.5533e-19
3.87852e-34
1988.01
2013.47
1976.64
1974.54
2024.26
2044.6
2024.26
2015.99
1979.78
2006.89
2002.12
2019.43
2008.35
1990.34
1988.01
1988.01
1973.23
2002.3
2023.65
2016.54
2027.04
1988.71
1997.3
1988.01
2010.33
3.87852e-34
1.88876e+31
3.96021e-41
-1.5533e-19
3.87852e-34
1966.03
1966.03
2032.78
1997.1
1973.78
1956.06
2021.02
1984.17
1931.9
1944.32
1961.83
2026.55
1959.04
2012.58
1940.9
1981.43
1974.45
1971.22
1975.73
2008.5
1970.97
2020.98
1.01021e-38
2.84221e-14
0
2.10195e-44
3.09454e+35
4.30631e+21
-2.59391e-18
3.87852e-34
1986.01
2009.37
1986.01
2018.76
2009.53
2022.37
1986.01
1986.78
1988
1986.01
2000.09
1964.74
1986.01
2021.63
1989.97
1975.19
1986.01
1979.32
2018.21
1986.01
1986.01
2002.43
1986.01
2000.95
1967.31
2031.57
2004.2
1986.01
-2.38043e+35
3.87852e-34
1966.03
1990
1966.03
1985.8
1990.09
1987.34
1966.03
1986.88
1966.03
1976.65
1961.95
1988.19
1953.37
1988.88
1941.67
1966.03
1996.26
1992.26
1980.17
2009.54
1966.03
1990.92
1966.03
1990.71
1968.31
2.84217e-14
0
2.10195e-44
-2.38043e+35
3.87852e-34
1960.04
2012.98
1939.15
2015.22
1964.9
1960.04
1960.04
1981.81
1960.04
1985.2
1987.77
1949.91
1956.54
1971.93
1991.89
1972.05
1948.52
1997.05
1969.36
1959.59
1933.93
1960.04
1960.04
1943.81
1970.5
1982.64
1994.34
2005.75
-2.38043e+35
3.87852e-34
1976.02
1990.24
1962.62
1933.3
1978.9
2034.13
1950.29
1992.84
1997.78
1984.36
1976.02
1975.23
1993.12
1988.75
1969
1979.1
1996.41
1990.17
1976.02
1989.38
1977.16
1951.22
1995.78
1.80276e+28
1.85266e+28
2.84217e-14
0
2.10195e-44
-2.38043e+35
3.87852e-34
1968.03
1977.05
1982.69
1990.31
1989.87
1982.86
1966.2
1943.34
1951.29
1968.03
1942.87
1968.03
1943.75
1973.52
1940.37
1962.39
1962.02
1961.3
1948.62
1969.16
1935.3
1973.3
1968.03
1952.45
1974.52
2.85097e-14
0
2.10195e-44
-2.38043e+35
3.87852e-34
1972.03
1944.89
1965.12
1964.73
1965.53
1972.03
1946.21
1955.82
1938.46
1991.9
1952.97
1970.95
1962.04
1940.49
1969.67
1948.28
1929.98
1956.35
1968.84
1967.39
1984.97
1972.03
1968.32
1983.86
1947.8
1960.39
1977.95
2.10195e-44
-2.38043e+35
3.87852e-34
1980.06
1956.18
1988.65
1951.58
1974.17
1969.46
1958.41
1952.1
1964.89
1984.94
1953.54
1976.13
1955.54
1960.04
1962.97
1953.56
1952.63
1979.04
1960.04
1990.16
1963.24
1970.49
1971.66
1973.35
1960.04
1947.52
0
2.10195e-44
-2.38043e+35
3.87852e-34
1960.04
1972.52
1947.96
1986.54
1939.05
1965.74
1995.11
1934.36
1995.33
1927.78
1931.28
1951.23
1943.86
1966.29
1991.56
1941.68
1968.54
1971.45
1960.04
1952.3
1961.48
1960.04
1960.04
1958.67
1936.19
1952.06
1947.35
2.84217e-14
-2.90871e-18
-3.24961e-42
1964.03
1960.58
1941.79
2004.78
1978.36
1955.97
1948.24
1929.43
2007.8
2011.91
1946.82
1964.03
1960.63
1941.59
1964.03
2028.37
1951.07
1964.03
1933.82
1945.16
2007.08
1976.84
1981.79
1965.71
1971.41
1929.31
1942.36
1917.5
-4.27252e-18
-1.45595e-42
1936.85
1961.31
1950.29
1935.11
1949.49
1948.6
1935.38
1942.6
1961.5
1938.59
1941.13
1989.3
1960.72
1941.35
1998.99
1933.69
1921.66
1945.12
1968.03
1925.31
1947.58
1923.08
1930.36
1943.67
1957.87
1926.68
1919.05
1964.75
-4.38087e-18
-3.85281e-34
