2078.22, 2063.04, 1980, 1994, 2035.05, 2012.19, 1990, 1988, 1996, 1988, 1978, 1986, 1982, 1982, 1982, 1974, 1982, 1962.55
1986, 1978, 2032.17, 2022.91, 1984, 1987.96, 2029.97, 1988, 2002.38, 2011.73, 1981.39, 1975.51, 1992.74, 1961.43, 1986.76, 1948.08, 1930.84, 1938.03
2057.81, 2050.21, 1983.23, 2010.39, 2013.03, 1978, 2001.55, 2030.97, 1996, 1988, 1969.33, 1975.51, 1992.74, 1972.73, 1972.16, 1961.91, 1960.66, 1932.55
2035.96, 2043.02, 2027.04, 2000.85, 1994.65, 1981.11, 1990, 2011.44, 2011.7, 1999.7, 1978, 1963.21, 2001.19, 1982, 1986.76, 1962.69, 1982, 1982
2028.2, 2042.82, 2029.48, 2022.91, 2025.4, 2004.29, 2029.97, 1979.17, 2002.38, 2011.73, 1961.59, 1963.21, 1990.99, 1972.73, 2012.25, 1948.08, 1940.39, 1982
2052.35, 1998.02, 1982.69, 2031.57, 1984, 1987.96, 2029.97, 1970.07, 2002.94, 1992.51, 1978, 2008.3, 1992.74, 1982, 1990.44, 1946.8, 1926.99, 1962.55
2017.91, 1997.8, 1973.26, 1994, 2044.88, 1978, 2029.97, 2013.04, 1996, 1988, 1978, 1976, 1973.97, 1956.8, 1993.6, 1962.7, 1966.19, 1924.47
2068.9, 2051.98, 2044.04, 1995.75, 2015.26, 1978, 2020.19, 2013.04, 1996.68, 1999.7, 1999.79, 1975.51, 1975.98, 1956.13, 1951.07, 1956.86, 1942.85, 1982
2019.25, 1988.44, 1993.29, 1997.86, 2005.16, 2012.19, 1987.11, 1988, 2005.44, 1988, 1978, 1986, 1971.07, 1964.92, 1986.76, 1971.48, 1968.6, 1975.46
2037.81, 1977.35, 2007.85, 2003.54, 1998.15, 2022.15, 2000.85, 1988, 1996, 2007.94, 1987.46, 1975.51, 1982, 1994, 1982, 1948.08, 1982, 1946.86
2024.47, 2038.79, 2028.94, 1994, 1979.67, 1978, 2001.85, 2003.04, 1992.94, 2005.46, 1997.8, 1986, 1994.14, 1965.21, 1975.5, 1948.08, 1930.45, 1955.07
2000.64, 2022.7, 1980, 2013.37, 1984, 2015.98, 2021.45, 2032.57, 1986, 2003.82, 1981.39, 1981.78, 1982, 1988.22, 1982, 1965.18, 1982, 1982
2049.52, 1978, 2017.61, 2021.16, 1984, 2008.19, 2015.79, 1998, 1996, 1993, 1975.95, 1994.2, 1992.74, 1972, 1982, 1957.81, 1978.59, 1960.41
1993.71, 2020.43, 2018.87, 2007.4, 1992.58, 1982.81, 2001.63, 2021.44, 2002.9, 1984.7, 1989.9, 1975.51, 2000.28, 1961.43, 1982, 1980.16, 1936.99, 1982
1986, 2010.82, 2009.18, 1994, 1992.58, 2019.04, 1990, 1991.41, 1996.04, 1991.79, 1993.13, 1977.05, 1990.6, 1988.22, 1986.76, 1974, 1982, 1982
2015.2, 1978, 1982.69, 2010.39, 2026.47, 2002.27, 1990, 2021.87, 1994.74, 1988, 1979.54, 1981.77, 1982, 1964.61, 1982, 1964.18, 1982, 1947.63
2050.61, 2053.02, 2018.87, 2019.05, 2035.05, 2008.31, 1994.16, 1996.43, 1996, 1984.7, 1972.04, 1983.13, 1975.98, 1962.7, 1976.56, 1975.7, 1977.12, 1932.38
1993.71, 2035.28, 2013.58, 1994, 1984, 1995.8, 1994.18, 1988, 2010.58, 2000.03, 1972.96, 1976, 1994.74, 1971.02, 1982, 1956.86, 1982, 1961.58
2080.3, 2001.38, 2004.31, 2031.57, 2012.13, 1985.86, 2018, 1983.27, 2002.38, 2000.03, 1957.75, 1986, 1998.76, 1982, 1982, 1974, 1951.76, 1982
2078.22, 1988.77, 2032.17, 1994, 1984, 2001.61, 2001.85, 2009.89, 1996, 2024.52, 1975.17, 2008.3, 1986.62, 1968.63, 2008.23, 1974, 1970.21, 1949.44
2063.58, 2008.76, 1994.56, 1997.86, 1991.68, 2011.46, 2032.86, 1999.98, 1996, 1988, 1965.4, 1986, 1980.93, 1982, 1988.46, 1952.58, 1961.71, 1959.77
1976.21, 1978, 1980, 2006.52, 2035.05, 1976.97, 2004.18, 2013.04, 2001.88, 2022.22, 1978, 1961.17, 1986.97, 1982, 1992.2, 1974, 1982, 1926.44
1997.84, 2051.73, 1980, 2007.4, 2035.05, 2000.11, 2016.57, 1970.77, 1996, 1988, 1978, 1984.46, 1982, 1978.29, 1992.2, 1974, 1950.11, 1944.29
1986, 2051.08, 1980, 2009.51, 2027.37, 2001.18, 1990, 1988, 2002.38, 2012.24, 1970.92, 1980.04, 1976.46, 1982, 1982.59, 1968.09, 1982, 1966.71
1986, 1978, 1980, 1994, 1984, 2006.21, 2007.57, 1988, 1977.38, 1991.3, 1971.98, 1976, 1988.5, 1944.83, 1982, 1948.08, 1982, 1971.83
1986, 1978, 1980, 1994, 1998.34, 1978, 1990, 1988, 2017.06, 1995.91, 2001.8, 1998.44, 1982, 1981.9, 1969.5, 1974, 1936.05, 1934.94
1986, 1978, 1980, 1994, 1984, 1978, 1990, 1988, 2002.38, 1988, 1989.4, 1986, 1982, 1987.93, 1982, 1971.48, 1948.11, 1953.55
1986, 1978, 1980, 1994, 1984, 1978, 1990, 1988, 1996, 1988, 1980.6, 1986, 1982, 1982, 1982, 1974, 1935.42, 1982
1986, 1978, 1980, 1994, 1984, 1978, 1990, 1988, 1986, 1988, 1978, 1986, 1982, 1982, 1982, 1974, 1950.83, 1933.55
1986, 1978, 1980, 1994, 1984, 1978, 1990, 1988, 1996, 1988, 1978, 1986, 1982, 1982, 1982, 1974, 1971.02, 1942.78
2065.02, 2050.93, 1980, 1994, 2035.05, 2024.3, 1990, 1984, 1996, 1984, 1978, 1986, 1978, 1982, 1978, 1974, 1978, 1958.55
1986, 1974, 2032.17, 2027.84, 1984, 1987.96, 2029.97, 1984, 2012.04, 2024.93, 1969.15, 1975.51, 1983.08, 1954.13, 1974.48, 1960.36, 1925.91, 1950.27
2057.81, 2038.1, 1983.23, 2015.32, 2013.03, 1978, 2001.55, 2038.27, 1996, 1984, 1957.09, 1975.51, 1988.74, 1965.43, 1968.16, 1961.91, 1955.73, 1944.79
2022.76, 2030.91, 2027.04, 2005.78, 1994.65, 1981.11, 1990, 2018.74, 2011.7, 2012.9, 1978, 1963.21, 1991.53, 1974.7, 1974.48, 1974.97, 1978, 1978
2015, 2030.71, 2029.48, 2027.84, 2025.4, 2016.4, 2029.97, 1986.47, 2012.04, 2024.93, 1961.59, 1963.21, 1986.99, 1972.73, 1999.97, 1948.08, 1935.46, 1978
2039.15, 1994.02, 1982.69, 2036.5, 1984, 1987.96, 2029.97, 1966.07, 2012.6, 2005.71, 1978, 2008.3, 1983.08, 1982, 1986.44, 1959.08, 1922.06, 1958.55
2017.91, 1993.8, 1973.26, 1994, 2044.88, 1978, 2029.97, 2020.34, 1996, 1984, 1978, 1976, 1969.97, 1956.8, 1981.32, 1962.7, 1962.19, 1920.47
2068.9, 2047.98, 2044.04, 1995.75, 2015.26, 1978, 2020.19, 2020.34, 2006.34, 2012.9, 1999.79, 1975.51, 1971.98, 1956.13, 1938.79, 1969.14, 1937.92, 1994.24
2006.05, 1984.44, 1993.29, 1997.86, 2005.16, 2024.3, 1987.11, 1984, 2005.44, 1984, 1978, 1986, 1967.07, 1957.62, 1974.48, 1983.76, 1964.6, 1971.46
2024.61, 1973.35, 2007.85, 2003.54, 1998.15, 2034.26, 2000.85, 1984, 1996, 2003.94, 1975.22, 1975.51, 1978, 1986.7, 1978, 1960.36, 1978, 1959.1
2024.47, 2026.68, 2028.94, 1994, 1979.67, 1978, 2001.85, 2010.34, 2002.6, 2001.46, 1997.8, 1986, 1984.48, 1965.21, 1971.5, 1960.36, 1925.52, 1951.07
1987.44, 2018.7, 1980, 2018.3, 1984, 2028.09, 2021.45, 2039.87, 1986, 2017.02, 1969.15, 1981.78, 1978, 1980.92, 1978, 1965.18, 1978, 1994.24
2036.32, 1974, 2017.61, 2026.09, 1984, 2020.3, 2015.79, 1994, 1996, 1989, 1975.95, 1994.2, 1983.08, 1972, 1978, 1957.81, 1974.59, 1956.41
1993.71, 2008.32, 2018.87, 2007.4, 1992.58, 1982.81, 2001.63, 2028.74, 2012.56, 1997.9, 1989.9, 1975.51, 1990.62, 1954.13, 1978, 1992.44, 1932.06, 1978
1986, 1998.71, 2009.18, 1994, 1992.58, 2031.15, 1990, 1998.71, 2005.7, 1987.79, 1980.89, 1977.05, 1980.94, 1980.92, 1974.48, 1974, 1978, 1978
2002, 1974, 1982.69, 2015.32, 2026.47, 2014.38, 1990, 2017.87, 1994.74, 1984, 1967.3, 1981.77, 1978, 1957.31, 1978, 1976.46, 1978, 1943.63
2050.61, 2049.02, 2018.87, 2023.98, 2035.05, 2008.31, 1994.16, 1992.43, 1996, 1997.9, 1959.8, 1983.13, 1971.98, 1955.4, 1972.56, 1975.7, 1972.19, 1944.62
1993.71, 2023.17, 2013.58, 1994, 1984, 1995.8, 1994.18, 1984, 2010.58, 2013.23, 1972.96, 1976, 1985.08, 1971.02, 1978, 1956.86, 1978, 1957.58
2067.1, 1997.38, 2004.31, 2036.5, 2012.13, 1985.86, 2018, 1979.27, 2012.04, 2013.23, 1957.75, 1986, 1989.1, 1982, 1978, 1974, 1947.76, 1978
2065.02, 1984.77, 2032.17, 1994, 1984, 2001.61, 2001.85, 2017.19, 1996, 2020.52, 1962.93, 2008.3, 1976.96, 1968.63, 1995.95, 1974, 1966.21, 1961.68
2063.58, 1996.65, 1994.56, 1997.86, 1991.68, 2023.57, 2032.86, 1995.98, 1996, 1984, 1953.16, 1986, 1976.93, 1982, 1976.18, 1952.58, 1956.78, 1972.01
1976.21, 1974, 1980, 2006.52, 2035.05, 1976.97, 2004.18, 2020.34, 2001.88, 2018.22, 1978, 1961.17, 1977.31, 1982, 1988.2, 1974, 1978, 1922.44
1997.84, 2039.62, 1980, 2007.4, 2035.05, 2012.22, 2016.57, 1966.77, 1996, 1984, 1978, 1984.46, 1978, 1978.29, 1979.92, 1974, 1946.11, 1940.29
1986, 2038.97, 1980, 2014.44, 2027.37, 2013.29, 1990, 1984, 2012.04, 2025.44, 1970.92, 1980.04, 1972.46, 1982, 1970.31, 1980.37, 1978, 1978.95
1986, 1974, 1980, 1994, 1984, 2006.21, 2007.57, 1984, 1987.04, 1987.3, 1971.98, 1976, 1984.5, 1944.83, 1978, 1960.36, 1978, 1967.83
1986, 1974, 1980, 1994, 1998.34, 1978, 1990, 1984, 2017.06, 1991.91, 1989.56, 1998.44, 1978, 1981.9, 1965.5, 1974, 1931.12, 1947.18
1986, 1974, 1980, 1994, 1984, 1978, 1990, 1984, 2012.04, 1984, 1989.4, 1986, 1978, 1987.93, 1978, 1971.48, 1943.18, 1949.55
1986, 1974, 1980, 1994, 1984, 1978, 1990, 1984, 1996, 1984, 1980.6, 1986, 1978, 1974.7, 1978, 1974, 1931.42, 1978
1986, 1974, 1980, 1994, 1984, 1978, 1990, 1984, 1986, 1984, 1965.76, 1986, 1978, 1982, 1978, 1974, 1946.83, 1945.79
1986, 1974, 1980, 1994, 1984, 1978, 1990, 1984, 1996, 1984, 1978, 1986, 1978, 1982, 1978, 1974, 1967.02, 1938.78
2072.94, 2050.93, 1980, 1990, 2025.21, 2024.3, 1990, 1984, 1996, 1984, 1978, 1982, 1978, 1982, 1978, 1974, 1978, 1958.55
1982, 1974, 2032.17, 2033.52, 1980, 1987.96, 2039.81, 1984, 2012.04, 2024.93, 1969.15, 1985.57, 1973.02, 1954.13, 1974.48, 1960.36, 1925.91, 1944.59
2053.81, 2038.1, 1983.23, 2021, 2009.03, 1978, 2001.55, 2030.35, 1996, 1984, 1957.09, 1971.51, 1978.68, 1965.43, 1968.16, 1961.91, 1955.73, 1939.11
2018.76, 2030.91, 2027.04, 2011.46, 1984.81, 1981.11, 1990, 2010.82, 2011.7, 2012.9, 1978, 1959.21, 1991.53, 1974.7, 1974.48, 1974.97, 1978, 1978
2022.92, 2030.71, 2029.48, 2033.52, 2015.56, 2016.4, 2039.81, 1978.55, 2012.04, 2024.93, 1961.59, 1973.27, 1986.99, 1972.73, 1999.97, 1948.08, 1935.46, 1978
2047.07, 1994.02, 1982.69, 2042.18, 1980, 1987.96, 2039.81, 1966.07, 2012.6, 2005.71, 1978, 2018.36, 1973.02, 1982, 1986.44, 1959.08, 1922.06, 1958.55
2013.91, 1993.8, 1973.26, 1990, 2040.88, 1978, 2039.81, 2012.42, 1996, 1984, 1978, 1972, 1969.97, 1956.8, 1981.32, 1962.7, 1962.19, 1920.47
2076.82, 2047.98, 2044.04, 1991.75, 2005.42, 1978, 2030.03, 2012.42, 2006.34, 2012.9, 1999.79, 1985.57, 1961.92, 1956.13, 1938.79, 1969.14, 1937.92, 1988.56
2013.97, 1984.44, 1993.29, 1993.86, 2001.16, 2024.3, 1987.11, 1984, 2005.44, 1984, 1978, 1996.06, 1967.07, 1957.62, 1974.48, 1983.76, 1964.6, 1971.46
2032.53, 1973.35, 2007.85, 2009.22, 1988.31, 2034.26, 2010.69, 1984, 1996, 2003.94, 1975.22, 1985.57, 1978, 1986.7, 1978, 1960.36, 1978, 1953.42
2020.47, 2026.68, 2028.94, 1990, 1975.67, 1978, 2001.85, 2002.42, 2002.6, 2001.46, 1997.8, 1982, 1974.42, 1965.21, 1971.5, 1960.36, 1925.52, 1951.07
1983.44, 2018.7, 1980, 2014.3, 1980, 2028.09, 2021.45, 2031.95, 1986, 2017.02, 1969.15, 1977.78, 1978, 1980.92, 1978, 1965.18, 1978, 1988.56
2044.24, 1974, 2017.61, 2031.77, 1980, 2020.3, 2025.63, 1994, 1996, 1989, 1975.95, 2004.26, 1973.02, 1972, 1978, 1957.81, 1974.59, 1956.41
1989.71, 2008.32, 2018.87, 2003.4, 1988.58, 1982.81, 2001.63, 2020.82, 2012.56, 1997.9, 1989.9, 1985.57, 1980.56, 1954.13, 1978, 1992.44, 1932.06, 1978
1982, 1998.71, 2009.18, 1990, 1982.74, 2031.15, 1990, 1990.79, 2005.7, 1987.79, 1980.89, 1973.05, 1970.88, 1980.92, 1974.48, 1974, 1978, 1978
1998, 1974, 1982.69, 2021, 2016.63, 2014.38, 1990, 2017.87, 1994.74, 1984, 1967.3, 1991.83, 1978, 1957.31, 1978, 1976.46, 1978, 1943.63
2058.53, 2049.02, 2018.87, 2029.66, 2025.21, 2008.31, 2004, 1992.43, 1996, 1997.9, 1959.8, 1979.13, 1971.98, 1955.4, 1972.56, 1975.7, 1972.19, 1938.94
1989.71, 2023.17, 2013.58, 1990, 1980, 1995.8, 1994.18, 1984, 2010.58, 2013.23, 1972.96, 1986.06, 1985.08, 1971.02, 1978, 1956.86, 1978, 1957.58
2075.02, 1997.38, 2004.31, 2042.18, 2008.13, 1985.86, 2018, 1979.27, 2012.04, 2013.23, 1957.75, 1982, 1979.04, 1982, 1978, 1974, 1947.76, 1978
2072.94, 1984.77, 2032.17, 1990, 1980, 2001.61, 2001.85, 2009.27, 1996, 2020.52, 1962.93, 2004.3, 1976.96, 1968.63, 1995.95, 1974, 1966.21, 1956
2071.5, 1996.65, 1994.56, 1993.86, 1981.84, 2023.57, 2042.7, 1995.98, 1996, 1984, 1953.16, 1982, 1966.87, 1982, 1976.18, 1952.58, 1956.78, 1972.01
1972.21, 1974, 1980, 2002.52, 2025.21, 1976.97, 2004.18, 2012.42, 2001.88, 2018.22, 1978, 1957.17, 1977.31, 1982, 1988.2, 1974, 1978, 1922.44
1993.84, 2039.62, 1980, 2003.4, 2025.21, 2012.22, 2026.41, 1966.77, 1996, 1984, 1978, 1994.52, 1978, 1978.29, 1979.92, 1974, 1946.11, 1940.29
1982, 2038.97, 1980, 2020.12, 2023.37, 2013.29, 1990, 1984, 2012.04, 2025.44, 1970.92, 1976.04, 1962.4, 1982, 1970.31, 1980.37, 1978, 1973.27
1982, 1974, 1980, 1990, 1980, 2006.21, 2017.41, 1984, 1987.04, 1987.3, 1971.98, 1972, 1984.5, 1944.83, 1978, 1960.36, 1978, 1967.83
1982, 1974, 1980, 1990, 1994.34, 1978, 1990, 1984, 2017.06, 1991.91, 1989.56, 1994.44, 1978, 1981.9, 1965.5, 1974, 1931.12, 1941.5
1982, 1974, 1980, 1990, 1980, 1978, 1990, 1984, 2012.04, 1984, 1989.4, 1982, 1978, 1987.93, 1978, 1971.48, 1943.18, 1943.87
1982, 1974, 1980, 1990, 1980, 1978, 1990, 1984, 1996, 1984, 1980.6, 1982, 1978, 1974.7, 1978, 1974, 1931.42, 1978
1982, 1974, 1980, 1990, 1980, 1978, 1990, 1984, 1986, 1984, 1965.76, 1982, 1978, 1982, 1978, 1974, 1946.83, 1940.11
1982, 1974, 1980, 1990, 1980, 1978, 1990, 1984, 1996, 1984, 1978, 1982, 1978, 1982, 1978, 1974, 1967.02, 1938.78
2076.51, 2035.71, 1980, 1990, 2015.09, 2014.45, 1990, 1980, 1996, 1980, 1974, 1982, 1974, 1982, 1974, 1970, 1974, 1958.55
1978, 1974, 2042.29, 2039.52, 1976, 1987.96, 2026.18, 1980, 2002.47, 2034.78, 1978.37, 1994.52, 1986.65, 1944.91, 1965.53, 1954.36, 1941.13, 1941.02
2049.81, 2022.88, 1993.35, 2027, 2005.03, 1978, 1987.92, 2039.92, 1996, 1980, 1953.09, 1971.51, 1992.31, 1965.43, 1964.16, 1957.91, 1951.73, 1935.54
2022.33, 2015.69, 2037.16, 2017.46, 1980.81, 1971.26, 1990, 2020.39, 2011.7, 2022.75, 1974, 1959.21, 2005.16, 1974.7, 1965.53, 1968.97, 1993.22, 1978
2026.49, 2015.49, 2029.48, 2039.52, 2005.44, 2006.55, 2026.18, 1974.55, 2002.47, 2034.78, 1957.59, 1982.22, 1982.99, 1963.51, 1995.97, 1944.08, 1950.68, 1978
2050.64, 1994.02, 1992.81, 2048.18, 1976, 1987.96, 2026.18, 1962.07, 2012.6, 2015.56, 1974, 2027.31, 1986.65, 1982, 1982.44, 1953.08, 1937.28, 1958.55
2009.91, 1993.8, 1973.26, 1990, 2030.76, 1978, 2026.18, 2021.99, 1996, 1980, 1974, 1972, 1965.97, 1947.58, 1972.37, 1958.7, 1958.19, 1916.9
2080.39, 2047.98, 2054.16, 1991.75, 1995.3, 1978, 2016.4, 2021.99, 1996.77, 2022.75, 1995.79, 1994.52, 1957.92, 1956.13, 1929.84, 1963.14, 1933.92, 1988.56
2009.97, 1984.44, 1993.29, 1993.86, 1997.16, 2014.45, 1987.11, 1980, 2005.44, 1980, 1974, 2005.01, 1963.07, 1948.4, 1965.53, 1977.76, 1979.82, 1971.46
2036.1, 1973.35, 2007.85, 2009.22, 1978.19, 2024.41, 1997.06, 1993.57, 1996, 1999.94, 1984.44, 1994.52, 1974, 1986.7, 1974, 1954.36, 1993.22, 1949.85
2016.47, 2011.46, 2039.06, 1990, 1971.67, 1978, 2001.85, 1998.42, 1993.03, 1997.46, 2007.02, 1982, 1970.42, 1955.99, 1967.5, 1954.36, 1940.74, 1951.07
1979.44, 2018.7, 1980, 2020.3, 1976, 2028.09, 2021.45, 2041.52, 1986, 2026.87, 1965.15, 1986.73, 1974, 1971.7, 1974, 1961.18, 1974, 1984.99
2047.81, 1974, 2027.73, 2037.77, 1976, 2020.3, 2012, 2003.57, 1996, 1985, 1971.95, 2013.21, 1986.65, 1972, 1974, 1953.81, 1970.59, 1956.41
1985.71, 1993.1, 2028.99, 2003.4, 1978.46, 1972.96, 2001.63, 2030.39, 2002.99, 2007.75, 1985.9, 1994.52, 1994.19, 1944.91, 1974, 1986.44, 1928.06, 1978
1978, 1983.49, 2009.18, 1990, 1978.74, 2031.15, 1990, 1986.79, 2005.7, 1983.79, 1990.11, 1973.05, 1966.88, 1980.92, 1965.53, 1970, 1974, 1978
2001.57, 1974, 1992.81, 2027, 2012.63, 2014.38, 1990, 2027.44, 1985.17, 1980, 1976.52, 1991.83, 1974, 1948.09, 1974, 1970.46, 1993.22, 1943.63
2054.53, 2049.02, 2018.87, 2035.66, 2015.09, 2008.31, 1990.37, 1988.43, 1996, 2007.75, 1969.02, 1988.08, 1967.98, 1946.18, 1968.56, 1971.7, 1968.19, 1935.37
1985.71, 2007.95, 2013.58, 1990, 1976, 1995.8, 1994.18, 1980, 2001.01, 2023.08, 1968.96, 1995.01, 1998.71, 1961.8, 1974, 1952.86, 1974, 1957.58
2078.59, 1997.38, 2014.43, 2048.18, 1998.01, 1985.86, 2018, 1975.27, 2002.47, 2023.08, 1966.97, 1982, 1992.67, 1982, 1974, 1970, 1943.76, 1978
2076.51, 1969.55, 2042.29, 1990, 1976, 1991.76, 2001.85, 2018.84, 1996, 2030.37, 1972.15, 2004.3, 1990.59, 1968.63, 1987, 1970, 1962.21, 1952.43
2075.07, 1996.65, 1994.56, 1993.86, 1977.84, 2013.72, 2029.07, 1991.98, 1996, 1980, 1949.16, 1982, 1980.5, 1982, 1967.23, 1948.58, 1972, 1972.01
1968.21, 1974, 1980, 2002.52, 2015.09, 1976.97, 2004.18, 2021.99, 2001.88, 2014.22, 1974, 1957.17, 1990.94, 1982, 1979.25, 1970, 1974, 1922.44
1989.84, 2024.4, 1980, 2009.4, 2015.09, 2002.37, 2012.78, 1962.77, 1996, 1980, 1974, 1994.52, 1974, 1978.29, 1975.92, 1970, 1961.33, 1940.29
1978, 2023.75, 1980, 2020.12, 2013.25, 2003.44, 1990, 1980, 2002.47, 2021.44, 1966.92, 1976.04, 1958.4, 1982, 1961.36, 1974.37, 1974, 1969.7
1978, 1974, 1980, 1990, 1976, 1996.36, 2017.41, 1980, 1977.47, 1983.3, 1967.98, 1972, 1980.5, 1944.83, 1974, 1954.36, 1974, 1967.83
1978, 1974, 1980, 1990, 1990.34, 1978, 1990, 1980, 2017.06, 1987.91, 1998.78, 1994.44, 1974, 1972.68, 1961.5, 1970, 1946.34, 1937.93
1978, 1974, 1980, 1990, 1976, 1978, 1990, 1980, 2002.47, 1980, 1985.4, 1982, 1974, 1987.93, 1969.05, 1967.48, 1939.18, 1940.3
1978, 1974, 1980, 1990, 1976, 1978, 1990, 1980, 1996, 1980, 1989.82, 1982, 1974, 1974.7, 1974, 1970, 1927.42, 1978
1978, 1974, 1980, 1990, 1976, 1978, 1990, 1980, 1986, 1980, 1961.76, 1982, 1974, 1982, 1974, 1970, 1942.83, 1936.54
1978, 1974, 1980, 1990, 1976, 1978, 1990, 1980, 1996, 1980, 1987.22, 1982, 1974, 1982, 1974, 1970, 1963.02, 1938.78
2081.77, 2044.31, 1976, 1986, 2006.49, 2010.45, 1990, 1980, 1992, 1980, 1974, 1982, 1974, 1978, 1968.09, 1970, 1974, 1958.55
1974, 1970, 2052.16, 2045.43, 1976, 1996.82, 2026.18, 1980, 2009.57, 2034.78, 1973.11, 1994.52, 1977.79, 1955.09, 1965.53, 1944.18, 1934.03, 1941.02
2045.81, 2031.48, 2003.22, 2023, 2005.03, 1974, 1987.92, 2030.05, 1992, 1980, 1953.09, 1971.51, 1983.45, 1975.61, 1964.16, 1957.91, 1951.73, 1935.54
2018.33, 2024.29, 2047.03, 2023.37, 1980.81, 1980.12, 1990, 2010.52, 2018.8, 2022.75, 1974, 1959.21, 1996.3, 1970.7, 1965.53, 1958.79, 1986.12, 1978
2031.75, 2011.49, 2025.48, 2045.43, 1996.84, 2015.41, 2026.18, 1974.55, 2009.57, 2034.78, 1957.59, 1982.22, 1982.99, 1973.69, 1995.97, 1944.08, 1943.58, 1978
2055.9, 2002.62, 2002.68, 2054.09, 1976, 1983.96, 2026.18, 1962.07, 2019.7, 2015.56, 1974, 2027.31, 1977.79, 1978, 1976.53, 1942.9, 1930.18, 1958.55
2005.91, 1989.8, 1969.26, 1986, 2030.76, 1974, 2026.18, 2012.12, 1992, 1980, 1974, 1972, 1965.97, 1957.76, 1972.37, 1958.7, 1958.19, 1916.9
2085.65, 2056.58, 2064.03, 1987.75, 1986.7, 1974, 2016.4, 2012.12, 1992.77, 2022.75, 1995.79, 1994.52, 1957.92, 1966.31, 1929.84, 1952.96, 1933.92, 1988.56
2015.23, 1980.44, 1989.29, 1989.86, 1988.56, 2023.31, 1987.11, 1980, 2001.44, 1980, 1974, 2005.01, 1963.07, 1944.4, 1959.62, 1967.58, 1972.72, 1971.46
2041.36, 1969.35, 2003.85, 2015.13, 1969.59, 2033.27, 1997.06, 1993.57, 1992, 1999.94, 1979.18, 1994.52, 1974, 1996.88, 1968.09, 1944.18, 1986.12, 1949.85
2012.47, 2007.46, 2048.93, 1986, 1971.67, 1974, 2001.85, 1988.55, 2000.13, 1997.46, 2001.76, 1982, 1970.42, 1951.99, 1967.5, 1944.18, 1933.64, 1951.07
1975.44, 2027.3, 1976, 2026.21, 1976, 2036.95, 2021.45, 2031.65, 1982, 2026.87, 1965.15, 1986.73, 1974, 1981.88, 1974, 1961.18, 1974, 1984.99
2043.81, 1970, 2037.6, 2043.68, 1967.4, 2029.16, 2012, 1993.7, 1992, 1985, 1971.95, 2013.21, 1977.79, 1968, 1974, 1953.81, 1970.59, 1956.41
1981.71, 2001.7, 2038.86, 1999.4, 1969.86, 1968.96, 2001.63, 2020.52, 2010.09, 2007.75, 1985.9, 1994.52, 1985.33, 1955.09, 1974, 1976.26, 1928.06, 1978
1974, 1992.09, 2005.18, 1986, 1970.14, 2027.15, 1990, 1986.79, 2001.7, 1983.79, 1984.85, 1973.05, 1966.88, 1976.92, 1965.53, 1970, 1974, 1978
1997.57, 1970, 2002.68, 2032.91, 2012.63, 2010.38, 1990, 2017.57, 1981.17, 1980, 1971.26, 1991.83, 1974, 1958.27, 1974, 1960.28, 1986.12, 1943.63
2059.79, 2057.62, 2014.87, 2041.57, 2015.09, 2004.31, 1990.37, 1988.43, 1992, 2007.75, 1963.76, 1988.08, 1967.98, 1942.18, 1968.56, 1971.7, 1968.19, 1935.37
1981.71, 2003.95, 2009.58, 1986, 1976, 1991.8, 1994.18, 1980, 1997.01, 2023.08, 1968.96, 1995.01, 1989.85, 1957.8, 1968.09, 1952.86, 1974, 1957.58
2083.85, 1993.38, 2024.3, 2054.09, 1989.41, 1981.86, 2018, 1975.27, 2009.57, 2023.08, 1961.71, 1982, 1983.81, 1978, 1974, 1970, 1943.76, 1978
2081.77, 1978.15, 2052.16, 1986, 1976, 1987.76, 2001.85, 2008.97, 1992, 2030.37, 1966.89, 2004.3, 1981.73, 1978.81, 1981.09, 1970, 1955.11, 1952.43
2080.33, 1992.65, 1990.56, 1989.86, 1977.84, 2022.58, 2029.07, 1991.98, 1992, 1980, 1949.16, 1982, 1971.64, 1978, 1961.32, 1948.58, 1972, 1972.01
1973.47, 1970, 1976, 1998.52, 2006.49, 1972.97, 2004.18, 2012.12, 1997.88, 2014.22, 1974, 1957.17, 1982.08, 1978, 1973.34, 1970, 1974, 1922.44
1985.84, 2020.4, 1976, 2015.31, 2006.49, 2011.23, 2012.78, 1962.77, 1992, 1980, 1974, 1994.52, 1974, 1974.29, 1970.01, 1970, 1954.23, 1940.29
1974, 2032.35, 1976, 2016.12, 2013.25, 2012.3, 1990, 1980, 2009.57, 2021.44, 1966.92, 1976.04, 1958.4, 1992.18, 1961.36, 1974.37, 1974, 1969.7
1974, 1970, 1976, 1986, 1976, 2005.22, 2017.41, 1980, 1984.57, 1983.3, 1967.98, 1972, 1980.5, 1940.83, 1974, 1944.18, 1974, 1967.83
1974, 1970, 1976, 1986, 1990.34, 1974, 1990, 1980, 2024.16, 1987.91, 1993.52, 1994.44, 1974, 1968.68, 1955.59, 1970, 1939.24, 1937.93
1974, 1970, 1976, 1986, 1976, 1974, 1990, 1980, 2009.57, 1980, 1985.4, 1982, 1974, 1983.93, 1963.14, 1957.3, 1939.18, 1940.3
1974, 1970, 1976, 1986, 1976, 1974, 1990, 1980, 1992, 1980, 1984.56, 1982, 1974, 1970.7, 1974, 1970, 1927.42, 1978
1974, 1970, 1976, 1986, 1976, 1974, 1990, 1980, 1982, 1980, 1956.5, 1982, 1974, 1978, 1974, 1970, 1942.83, 1936.54
1974, 1970, 1976, 1986, 1976, 1974, 1990, 1980, 1992, 1980, 1987.22, 1982, 1974, 1978, 1974, 1970, 1963.02, 1938.78
2086.02, 2049.63, 1976, 1986, 2017.78, 2010.45, 1990, 1976, 1992, 1976, 1970, 1982, 1970, 1978, 1963.84, 1966, 1970, 1954.55
1974, 1970, 2057.97, 2050.72, 1972, 1986.45, 2012.7, 1976, 1998.28, 2021.47, 1967.82, 2001.49, 1971.98, 1968.4, 1961.53, 1937.21, 1947.51, 1935.7
2050.06, 2036.8, 2009.03, 2028.29, 2001.03, 1974, 1974.44, 2040.42, 1992, 1976, 1949.09, 1971.51, 1977.64, 1988.92, 1960.16, 1953.91, 1947.73, 1930.22
2022.58, 2029.61, 2052.84, 2028.66, 1976.81, 1980.12, 1976.52, 2006.52, 2007.51, 2009.44, 1968.71, 1959.21, 1992.3, 1970.7, 1961.53, 1951.82, 1999.6, 1972.68
2031.75, 2011.49, 2025.48, 2050.72, 2008.13, 2005.04, 2012.7, 1970.55, 1998.28, 2021.47, 1953.59, 1989.19, 1978.99, 1973.69, 1991.72, 1940.08, 1957.06, 1972.68
2060.15, 2002.62, 2008.49, 2059.38, 1972, 1983.96, 2026.18, 1958.07, 2019.7, 2011.56, 1970, 2034.28, 1971.98, 1978, 1972.28, 1935.93, 1943.66, 1954.55
2005.91, 1989.8, 1969.26, 1986, 2026.76, 1974, 2012.7, 2022.49, 1992, 1976, 1970, 1972, 1960.16, 1957.76, 1968.37, 1954.7, 1954.19, 1912.9
2085.65, 2061.9, 2069.84, 1987.75, 1997.99, 1974, 2002.92, 2022.49, 1992.77, 2018.75, 1991.79, 2001.49, 1952.11, 1979.62, 1925.59, 1945.99, 1929.92, 1983.24
2019.48, 1980.44, 1989.29, 1989.86, 1984.56, 2012.94, 1987.11, 1976, 2001.44, 1976, 1970, 2011.98, 1959.07, 1944.4, 1955.37, 1960.61, 1986.2, 1967.46
2045.61, 1969.35, 2003.85, 2015.13, 1980.88, 2022.9, 1997.06, 1989.57, 1992, 1986.63, 1973.89, 2001.49, 1970, 2010.19, 1964.09, 1937.21, 1999.6, 1944.53
2012.47, 2012.78, 2054.74, 1986, 1967.67, 1974, 2001.85, 1998.92, 1988.84, 1984.15, 1997.76, 1982, 1966.42, 1965.3, 1963.5, 1937.21, 1947.12, 1947.07
1975.44, 2032.62, 1976, 2031.5, 1972, 2026.58, 2021.45, 2042.02, 1970.71, 2013.56, 1959.86, 1993.7, 1970, 1981.88, 1970, 1957.18, 1970, 1980.99
2043.81, 1970, 2043.41, 2048.97, 1978.69, 2018.79, 1998.52, 2004.07, 1992, 1971.69, 1967.95, 2013.21, 1971.98, 1968, 1970, 1949.81, 1966.59, 1952.41
1981.71, 2007.02, 2044.67, 1999.4, 1981.15, 1958.59, 1988.15, 2030.89, 2010.09, 1994.44, 1981.9, 2001.49, 1981.33, 1968.4, 1970, 1972.26, 1924.06, 1974
1974, 1997.41, 2005.18, 1986, 1981.43, 2027.15, 1990, 1982.79, 1990.41, 1979.79, 1979.56, 1980.02, 1962.88, 1990.23, 1961.28, 1966, 1970, 1974
2001.82, 1970, 2008.49, 2038.2, 2008.63, 2010.38, 1990, 2027.94, 1981.17, 1976, 1965.97, 1991.83, 1968.19, 1971.58, 1970, 1953.31, 1999.6, 1939.63
2064.04, 2062.94, 2014.87, 2046.86, 2011.09, 2004.31, 1976.89, 1984.43, 1992, 2003.75, 1958.47, 1995.05, 1963.98, 1942.18, 1964.56, 1967.7, 1964.19, 1931.37
1981.71, 2003.95, 2009.58, 1986, 1972, 1991.8, 1994.18, 1976, 1997.01, 2019.08, 1964.96, 1995.01, 1985.85, 1957.8, 1963.84, 1945.89, 1970, 1953.58
2088.1, 1993.38, 2030.11, 2059.38, 2000.7, 1981.86, 2018, 1985.64, 1998.28, 2009.77, 1956.42, 1982, 1978, 1978, 1970, 1966, 1939.76, 1974
2086.02, 1983.47, 2057.97, 1986, 1972, 1987.76, 2001.85, 2019.34, 1992, 2026.37, 1962.89, 2004.3, 1975.92, 1992.12, 1977.09, 1966, 1951.11, 1947.11
2084.58, 1992.65, 1990.56, 1989.86, 1989.13, 2012.21, 2029.07, 1987.98, 1992, 1976, 1943.87, 1982, 1965.83, 1978, 1957.07, 1941.61, 1985.48, 1966.69
1973.47, 1970, 1976, 1998.52, 2017.78, 1972.97, 1990.7, 2022.49, 1986.59, 2000.91, 1970, 1957.17, 1976.27, 1978, 1969.09, 1966, 1970, 1917.12
1985.84, 2020.4, 1976, 2020.6, 2017.78, 2000.86, 1999.3, 1958.77, 1992, 1976, 1970, 2001.49, 1970, 1974.29, 1965.76, 1966, 1967.71, 1936.29
1974, 2037.67, 1976, 2016.12, 2009.25, 2001.93, 1990, 1976, 1998.28, 2008.13, 1962.92, 1976.04, 1954.4, 2005.49, 1957.36, 1970.37, 1970, 1964.38
1974, 1970, 1976, 1986, 1972, 1994.85, 2017.41, 1976, 1973.28, 1979.3, 1963.98, 1972, 1976.5, 1940.83, 1970, 1940.18, 1987.48, 1963.83
1974, 1970, 1976, 1986, 1986.34, 1974, 1990, 1976, 2024.16, 1983.91, 1988.23, 1994.44, 1970, 1981.99, 1951.34, 1963.03, 1935.24, 1932.61
1974, 1970, 1976, 1986, 1972, 1974, 1990, 1976, 1998.28, 1976, 1981.4, 1982, 1970, 1983.93, 1959.14, 1953.3, 1935.18, 1936.3
1974, 1970, 1976, 1986, 1972, 1974, 1990, 1976, 1992, 1976, 1980.56, 1982, 1970, 1970.7, 1970, 1966, 1923.42, 1974
1974, 1970, 1976, 1986, 1972, 1974, 1990, 1976, 1982, 1976, 1951.21, 1982, 1970, 1978, 1970, 1966, 1938.83, 1932.54
1974, 1970, 1976, 1986, 1972, 1974, 1990, 1976, 1992, 1976, 1983.22, 1982, 1970, 1978, 1970, 1966, 1959.02, 1934.78
2086.02, 2055.46, 1976, 1982, 2017.78, 2010.45, 1990, 1976, 1992, 1976, 1970, 1982, 1970, 1978, 1963.84, 1966, 1970, 1954.55
1974, 1966, 2057.97, 2056.32, 1972, 1986.45, 2012.7, 1976, 1998.28, 2021.47, 1967.82, 2001.49, 1966.15, 1962.8, 1961.53, 1937.21, 1947.51, 1935.7
2050.06, 2032.8, 2009.03, 2033.89, 2001.03, 1974, 1974.44, 2040.42, 1992, 1976, 1949.09, 1971.51, 1971.81, 1983.32, 1960.16, 1953.91, 1947.73, 1930.22
2022.58, 2035.44, 2052.84, 2034.26, 1976.81, 1980.12, 1976.52, 2006.52, 2007.51, 2009.44, 1968.71, 1959.21, 1992.3, 1970.7, 1961.53, 1951.82, 1999.6, 1972.68
2031.75, 2017.32, 2025.48, 2056.32, 2008.13, 2005.04, 2012.7, 1970.55, 1998.28, 2021.47, 1953.59, 1989.19, 1978.99, 1973.69, 1991.72, 1940.08, 1957.06, 1972.68
2060.15, 2008.45, 2008.49, 2064.98, 1972, 1983.96, 2026.18, 1958.07, 2019.7, 2011.56, 1970, 2034.28, 1971.98, 1978, 1972.28, 1935.93, 1943.66, 1954.55
2005.91, 1985.8, 1969.26, 1982, 2026.76, 1974, 2012.7, 2022.49, 1992, 1976, 1970, 1972, 1954.33, 1952.16, 1968.37, 1954.7, 1954.19, 1912.9
2085.65, 2067.73, 2069.84, 1983.75, 1997.99, 1974, 2002.92, 2022.49, 1992.77, 2018.75, 1991.79, 2001.49, 1946.28, 1974.02, 1925.59, 1945.99, 1929.92, 1983.24
2019.48, 1976.44, 1989.29, 1985.86, 1984.56, 2012.94, 1987.11, 1976, 2001.44, 1976, 1970, 2011.98, 1953.24, 1944.4, 1955.37, 1960.61, 1986.2, 1967.46
2045.61, 1965.35, 2003.85, 2011.13, 1980.88, 2022.9, 1997.06, 1989.57, 1992, 1986.63, 1973.89, 2001.49, 1970, 2010.19, 1964.09, 1937.21, 1999.6, 1944.53
2012.47, 2018.61, 2054.74, 1982, 1967.67, 1974, 2001.85, 1998.92, 1988.84, 1984.15, 1997.76, 1982, 1966.42, 1965.3, 1963.5, 1937.21, 1947.12, 1947.07
1975.44, 2038.45, 1976, 2037.1, 1972, 2026.58, 2021.45, 2042.02, 1970.71, 2013.56, 1959.86, 1993.7, 1970, 1976.28, 1970, 1957.18, 1970, 1980.99
2043.81, 1966, 2043.41, 2054.57, 1978.69, 2018.79, 1998.52, 2004.07, 1992, 1971.69, 1967.95, 2013.21, 1966.15, 1968, 1970, 1949.81, 1966.59, 1952.41
1981.71, 2003.02, 2044.67, 1995.4, 1981.15, 1958.59, 1988.15, 2030.89, 2010.09, 1994.44, 1981.9, 2001.49, 1975.5, 1962.8, 1970, 1972.26, 1924.06, 1974
1974, 1993.41, 2005.18, 1982, 1981.43, 2027.15, 1990, 1982.79, 1990.41, 1979.79, 1979.56, 1980.02, 1962.88, 1984.63, 1961.28, 1966, 1970, 1974
2001.82, 1966, 2008.49, 2043.8, 2008.63, 2010.38, 1990, 2027.94, 1981.17, 1976, 1965.97, 1991.83, 1962.36, 1965.98, 1970, 1953.31, 1999.6, 1939.63
2064.04, 2068.77, 2014.87, 2052.46, 2011.09, 2004.31, 1976.89, 1984.43, 1992, 2003.75, 1958.47, 1995.05, 1963.98, 1942.18, 1964.56, 1967.7, 1964.19, 1931.37
1981.71, 2009.78, 2009.58, 1982, 1972, 1991.8, 1994.18, 1976, 1997.01, 2019.08, 1964.96, 1995.01, 1985.85, 1957.8, 1963.84, 1945.89, 1970, 1953.58
2088.1, 1989.38, 2030.11, 2064.98, 2000.7, 1981.86, 2018, 1985.64, 1998.28, 2009.77, 1956.42, 1982, 1972.17, 1978, 1970, 1966, 1939.76, 1974
2086.02, 1979.47, 2057.97, 1982, 1972, 1987.76, 2001.85, 2019.34, 1992, 2026.37, 1962.89, 2004.3, 1970.09, 1986.52, 1977.09, 1966, 1951.11, 1947.11
2084.58, 1998.48, 1990.56, 1985.86, 1989.13, 2012.21, 2029.07, 1987.98, 1992, 1976, 1943.87, 1982, 1960, 1978, 1957.07, 1941.61, 1985.48, 1966.69
1973.47, 1966, 1976, 1994.52, 2017.78, 1972.97, 1990.7, 2022.49, 1986.59, 2000.91, 1970, 1957.17, 1976.27, 1978, 1969.09, 1966, 1970, 1917.12
1985.84, 2016.4, 1976, 2026.2, 2017.78, 2000.86, 1999.3, 1958.77, 1992, 1976, 1970, 2001.49, 1970, 1974.29, 1965.76, 1966, 1967.71, 1936.29
1974, 2043.5, 1976, 2012.12, 2009.25, 2001.93, 1990, 1976, 1998.28, 2008.13, 1962.92, 1976.04, 1954.4, 1999.89, 1957.36, 1970.37, 1970, 1964.38
1974, 1966, 1976, 1982, 1972, 1994.85, 2017.41, 1976, 1973.28, 1979.3, 1963.98, 1972, 1976.5, 1940.83, 1970, 1940.18, 1987.48, 1963.83
1974, 1966, 1976, 1982, 1986.34, 1974, 1990, 1976, 2024.16, 1983.91, 1988.23, 1994.44, 1970, 1976.39, 1951.34, 1963.03, 1935.24, 1932.61
1974, 1966, 1976, 1982, 1972, 1974, 1990, 1976, 1998.28, 1976, 1981.4, 1982, 1970, 1983.93, 1959.14, 1953.3, 1935.18, 1936.3
1974, 1966, 1976, 1982, 1972, 1974, 1990, 1976, 1992, 1976, 1980.56, 1982, 1970, 1970.7, 1970, 1966, 1923.42, 1974
1974, 1966, 1976, 1982, 1972, 1974, 1990, 1976, 1982, 1976, 1951.21, 1982, 1970, 1978, 1970, 1966, 1938.83, 1932.54
1974, 1966, 1976, 1982, 1972, 1974, 1990, 1976, 1992, 1976, 1983.22, 1982, 1970, 1978, 1970, 1966, 1959.02, 1934.78
2075.42, 2061.44, 1976, 1978, 2017.78, 2010.45, 1990, 1972, 1992, 1972, 1966, 1982, 1970, 1974, 1957.86, 1962, 1970, 1950.55
1974, 1966, 2061.92, 2066.92, 1972, 1992.96, 2012.7, 1972, 2006.45, 2008.65, 1980.31, 1989, 1966.15, 1954.63, 1957.53, 1933.26, 1960.33, 1929.19
2050.06, 2032.8, 2012.98, 2029.89, 2001.03, 1974, 1985.48, 2036.42, 1992, 1972, 1945.09, 1971.51, 1971.81, 1975.15, 1956.16, 1949.91, 1947.73, 1923.71
2011.98, 2041.42, 2056.79, 2044.86, 1976.81, 1986.63, 1976.52, 1995.48, 2015.68, 1996.62, 1981.2, 1959.21, 1992.3, 1966.7, 1957.53, 1947.87, 2012.42, 1966.17
2021.15, 2023.3, 2025.48, 2066.92, 2008.13, 2011.55, 2023.74, 1966.55, 2006.45, 2008.65, 1949.59, 1976.7, 1978.99, 1969.69, 1987.72, 1936.08, 1969.88, 1968.68
2049.55, 2014.43, 2012.44, 2075.58, 1972, 1983.96, 2037.22, 1954.07, 2027.87, 1998.74, 1966, 2021.79, 1971.98, 1974, 1968.28, 1931.98, 1956.48, 1950.55
2005.91, 1985.8, 1969.26, 1978, 2026.76, 1974, 2023.74, 2011.45, 1992, 1972, 1966, 1972, 1954.33, 1948.16, 1964.37, 1950.7, 1954.19, 1906.39
2075.05, 2067.73, 2073.79, 1979.75, 1997.99, 1974, 2013.96, 2011.45, 1992.77, 2005.93, 1987.79, 1989, 1946.28, 1965.85, 1919.61, 1942.04, 1929.92, 1976.73
2019.48, 1976.44, 1989.29, 1981.86, 1984.56, 2012.94, 1987.11, 1972, 2001.44, 1972, 1966, 1999.49, 1953.24, 1940.4, 1949.39, 1956.66, 1999.02, 1963.46
2035.01, 1965.35, 2003.85, 2007.13, 1980.88, 2029.41, 2008.1, 1978.53, 1992, 1982.63, 1969.89, 1989, 1970, 2002.02, 1958.11, 1933.26, 2012.42, 1940.53
2012.47, 2024.59, 2058.69, 1978, 1967.67, 1974, 2001.85, 1987.88, 1997.01, 1980.15, 1993.76, 1982, 1966.42, 1957.13, 1959.5, 1933.21, 1959.94, 1943.07
1975.44, 2038.45, 1976, 2047.7, 1972, 2026.58, 2021.45, 2030.98, 1970.71, 2000.74, 1955.86, 1981.21, 1970, 1968.11, 1964.02, 1953.18, 1970, 1974.48
2043.81, 1966, 2047.36, 2065.17, 1978.69, 2025.3, 2009.56, 2000.07, 1992, 1967.69, 1963.95, 2013.21, 1966.15, 1964, 1966, 1945.81, 1966.59, 1945.9
1981.71, 2009, 2048.62, 2006, 1981.15, 1965.1, 1988.15, 2019.85, 2018.26, 1981.62, 1977.9, 1989, 1975.5, 1954.63, 1966, 1968.26, 1924.06, 1970
1974, 1999.39, 2005.18, 1978, 1981.43, 2027.15, 1990, 1978.79, 1990.41, 1966.97, 1992.05, 1967.53, 1962.88, 1980.63, 1957.28, 1962, 1970, 1970
1991.22, 1966, 2012.44, 2039.8, 2008.63, 2010.38, 1990, 2016.9, 1981.17, 1972, 1978.46, 1979.34, 1962.36, 1957.81, 1964.02, 1949.36, 2012.42, 1935.63
2053.44, 2068.77, 2014.87, 2063.06, 2011.09, 2010.82, 1987.93, 1980.43, 1992, 1990.93, 1954.47, 1995.05, 1963.98, 1938.18, 1958.58, 1963.7, 1964.19, 1924.86
1971.11, 2015.76, 2009.58, 1992.6, 1972, 1991.8, 2005.22, 1972, 1997.01, 2006.26, 1977.45, 1995.01, 1985.85, 1953.8, 1959.84, 1941.89, 1970, 1947.07
2077.5, 1989.38, 2034.06, 2060.98, 2000.7, 1981.86, 2018, 1974.6, 2006.45, 2005.77, 1968.91, 1982, 1972.17, 1974, 1966, 1962, 1939.76, 1970
2086.02, 1979.47, 2061.92, 1978, 1972, 1987.76, 2012.89, 2015.34, 1992, 2013.55, 1975.38, 2004.3, 1970.09, 1978.35, 1973.09, 1962.05, 1951.11, 1940.6
2084.58, 1998.48, 1990.56, 1981.86, 1989.13, 2018.72, 2029.07, 1976.94, 1992, 1972, 1939.87, 1982, 1960, 1974, 1951.09, 1937.66, 1998.3, 1962.69
1962.87, 1971.98, 1976, 2005.12, 2017.78, 1972.97, 1990.7, 2011.45, 1994.76, 1996.91, 1966, 1957.17, 1976.27, 1974, 1963.11, 1962, 1982.82, 1913.12
1985.84, 2022.38, 1976, 2036.8, 2017.78, 2007.37, 1999.3, 1954.77, 1992, 1972, 1966, 1989, 1970, 1970.29, 1959.78, 1962, 1980.53, 1932.29
1974, 2049.48, 1976, 2008.12, 2009.25, 2008.44, 1990, 1972, 2006.45, 2004.13, 1958.92, 1976.04, 1954.4, 1991.72, 1953.36, 1966.37, 1970, 1957.87
1974, 1966, 1976, 1978, 1972, 2001.36, 2017.41, 1972, 1973.28, 1975.3, 1976.47, 1972, 1976.5, 1936.83, 1966, 1936.23, 1987.48, 1959.83
1974, 1966, 1976, 1978, 1986.34, 1974, 2001.04, 1972, 2032.33, 1979.91, 1984.23, 1994.44, 1970, 1968.22, 1945.36, 1959.08, 1935.24, 1928.61
1974, 1966, 1976, 1978, 1972, 1974, 1990, 1972, 2006.45, 1972, 1993.89, 1982, 1970, 1979.93, 1955.14, 1949.3, 1935.18, 1932.3
1974, 1966, 1976, 1978, 1972, 1974, 1990, 1972, 1992, 1972, 1993.05, 1982, 1970, 1966.7, 1966, 1962, 1923.42, 1970
1974, 1966, 1976, 1978, 1972, 1974, 1990, 1972, 1982, 1972, 1963.7, 1982, 1970, 1974, 1966, 1962, 1938.83, 1928.54
1974, 1966, 1976, 1978, 1972, 1974, 1990, 1972, 1992, 1972, 1979.22, 1982, 1970, 1974, 1966, 1962, 1959.02, 1930.78
2081.29, 2068.87, 1972, 1978, 2013.78, 2006.45, 1990, 1972, 1988, 1972, 1966, 1978, 1970, 1974, 1957.86, 1962, 1966, 1950.55
1970, 1962, 2066.42, 2052.54, 1962.66, 1998.7, 2012.7, 1972, 2011.93, 2001.22, 1980.31, 2003.38, 1977.32, 1948.76, 1953.03, 1927.52, 1949.16, 1929.19
2046.06, 2040.23, 2017.48, 2015.51, 1997.03, 1970, 1985.48, 2036.42, 1988, 1972, 1945.09, 1967.51, 1982.98, 1969.28, 1951.66, 1949.91, 1943.73, 1918.23
2017.85, 2048.85, 2052.79, 2044.86, 1972.81, 1992.37, 1976.52, 1995.48, 2021.16, 1996.62, 1981.2, 1955.21, 1992.3, 1966.7, 1957.53, 1942.13, 2001.25, 1960.69
2027.02, 2030.73, 2021.48, 2052.54, 2004.13, 2017.29, 2023.74, 1975.89, 2011.93, 2001.22, 1949.59, 1991.08, 1990.16, 1969.69, 1987.72, 1936.08, 1958.71, 1963.2
2055.42, 2010.43, 2016.94, 2061.2, 1968, 1979.96, 2037.22, 1963.41, 2033.35, 1998.74, 1966, 2036.17, 1983.15, 1974, 1968.28, 1926.24, 1945.31, 1950.55
2001.91, 1981.8, 1973.76, 1978, 2022.76, 1970, 2023.74, 2020.79, 1988, 1972, 1966, 1968, 1954.33, 1948.16, 1964.37, 1950.7, 1950.19, 1906.39
2080.92, 2075.16, 2078.29, 1979.75, 1988.65, 1970, 2013.96, 2020.79, 1988.77, 1998.5, 1987.79, 2003.38, 1957.45, 1959.98, 1915.11, 1936.3, 1925.92, 1971.25
2015.48, 1972.44, 1985.29, 1981.86, 1975.22, 2008.94, 1987.11, 1972, 1997.44, 1972, 1966, 2013.87, 1953.24, 1940.4, 1944.89, 1950.92, 1987.85, 1963.46
2040.88, 1961.35, 1999.85, 2007.13, 1971.54, 2035.15, 2008.1, 1978.53, 1988, 1982.63, 1969.89, 2003.38, 1970, 1996.15, 1953.61, 1927.52, 2001.25, 1940.53
2008.47, 2032.02, 2063.19, 1978, 1963.67, 1970, 2001.85, 1997.22, 2002.49, 1972.72, 1993.76, 1978, 1966.42, 1957.13, 1959.5, 1933.21, 1948.77, 1943.07
1971.44, 2045.88, 1972, 2033.32, 1968, 2032.32, 2021.45, 2040.32, 1966.71, 2000.74, 1955.86, 1977.21, 1970, 1962.24, 1959.52, 1953.18, 1966, 1969
2049.68, 1962, 2051.86, 2050.79, 1969.35, 2021.3, 2009.56, 2000.07, 1988, 1960.26, 1963.95, 2009.21, 1977.32, 1964, 1961.5, 1945.81, 1962.59, 1940.42
1977.71, 2016.43, 2053.12, 1991.62, 1971.81, 1970.84, 1988.15, 2029.19, 2023.74, 1981.62, 1977.9, 2003.38, 1975.5, 1948.76, 1966, 1968.26, 1920.06, 1970
1979.87, 2006.82, 2001.18, 1978, 1977.43, 2023.15, 1990, 1978.79, 1986.41, 1959.54, 1992.05, 1981.91, 1974.05, 1974.76, 1952.78, 1962, 1966, 1970
1997.09, 1962, 2016.94, 2025.42, 2004.63, 2006.38, 1990, 2026.24, 1977.17, 1972, 1978.46, 1993.72, 1973.53, 1951.94, 1959.52, 1943.62, 2008.42, 1935.63
2049.44, 2064.77, 2010.87, 2048.68, 2001.75, 2016.56, 1987.93, 1980.43, 1988, 1990.93, 1954.47, 2009.43, 1963.98, 1938.18, 1958.58, 1963.7, 1953.02, 1919.38
1976.98, 2011.76, 2005.58, 1992.6, 1962.66, 1987.8, 2005.22, 1972, 1993.01, 1998.83, 1977.45, 1991.01, 1985.85, 1953.8, 1959.84, 1941.89, 1966, 1947.07
2083.37, 1996.81, 2038.56, 2046.6, 1991.36, 1977.86, 2018, 1983.94, 2011.93, 1998.34, 1968.91, 1978, 1972.17, 1974, 1966, 1962, 1935.76, 1970
2082.02, 1975.47, 2066.42, 1978, 1968, 1993.5, 2012.89, 2024.68, 1988, 2013.55, 1975.38, 2000.3, 1981.26, 1972.48, 1973.09, 1962.05, 1947.11, 1935.12
2080.58, 2005.91, 1986.56, 1981.86, 1985.13, 2024.46, 2029.07, 1976.94, 1988, 1972, 1939.87, 1978, 1971.17, 1974, 1946.59, 1931.92, 1987.13, 1962.69
1958.87, 1967.98, 1972, 2005.12, 2008.44, 1968.97, 1990.7, 2020.79, 2000.24, 1996.91, 1966, 1953.17, 1987.44, 1974, 1958.61, 1962, 1978.82, 1907.64
1981.84, 2018.38, 1972, 2022.42, 2013.78, 2013.11, 1999.3, 1954.77, 1988, 1972, 1966, 2003.38, 1970, 1970.29, 1959.78, 1962, 1969.36, 1932.29
1970, 2045.48, 1972, 2008.12, 1999.91, 2014.18, 1990, 1972, 2011.93, 1996.7, 1958.92, 1972.04, 1954.4, 1985.85, 1953.36, 1960.63, 1966, 1952.39
1970, 1962, 1972, 1978, 1968, 1997.36, 2017.41, 1972, 1969.28, 1967.87, 1976.47, 1968, 1976.5, 1936.83, 1966, 1930.49, 1976.31, 1959.83
1970, 1962, 1972, 1978, 1982.34, 1970, 2001.04, 1972, 2037.81, 1972.48, 1984.23, 1990.44, 1970, 1962.35, 1945.36, 1953.34, 1931.24, 1928.61
1970, 1962, 1972, 1978, 1968, 1970, 1990, 1972, 2011.93, 1972, 1993.89, 1978, 1970, 1979.93, 1955.14, 1949.3, 1931.18, 1932.3
1970, 1962, 1972, 1978, 1968, 1970, 1990, 1972, 1988, 1972, 1993.05, 1978, 1970, 1966.7, 1966, 1962, 1919.42, 1970
1970, 1962, 1972, 1978, 1968, 1970, 1990, 1972, 1978, 1972, 1963.7, 1978, 1970, 1974, 1966, 1962, 1934.83, 1923.06
1970, 1962, 1972, 1978, 1968, 1970, 1990, 1972, 1988, 1972, 1979.22, 1978, 1970, 1974, 1966, 1962, 1955.02, 1930.78
2087.73, 2077.19, 1972, 1978, 2013.78, 2006.45, 1990, 1968, 1988, 1968, 1962, 1978, 1970, 1974, 1970.02, 1962, 1966, 1950.55
1966, 1962, 2051.71, 2052.54, 1973.48, 1992.26, 2012.7, 1968, 2011.93, 1990.4, 1995.02, 2003.38, 1965.16, 1948.76, 1949.03, 1927.52, 1949.16, 1929.19
2042.06, 2048.55, 2002.77, 2015.51, 1997.03, 1970, 1985.48, 2032.42, 1988, 1968, 1941.09, 1967.51, 1970.82, 1969.28, 1963.82, 1949.91, 1943.73, 1918.23
2024.29, 2048.85, 2038.08, 2044.86, 1972.81, 1992.37, 1976.52, 1991.48, 2021.16, 1985.8, 1995.91, 1955.21, 1992.3, 1966.7, 1953.53, 1942.13, 2001.25, 1960.69
2033.46, 2030.73, 2021.48, 2052.54, 2004.13, 2017.29, 2023.74, 1967.57, 2011.93, 1990.4, 1945.59, 1991.08, 1978, 1969.69, 1983.72, 1936.08, 1958.71, 1963.2
2061.86, 2018.75, 2002.23, 2061.2, 1968, 1979.96, 2037.22, 1955.09, 2033.35, 1987.92, 1962, 2036.17, 1970.99, 1974, 1964.28, 1926.24, 1945.31, 1950.55
1997.91, 1981.8, 1973.76, 1978, 2022.76, 1963.56, 2023.74, 2012.47, 1988, 1968, 1962, 1968, 1954.33, 1948.16, 1960.37, 1950.7, 1950.19, 1906.39
2087.36, 2083.48, 2063.58, 1979.75, 1999.47, 1963.56, 2013.96, 2012.47, 1988.77, 1987.68, 1983.79, 2003.38, 1945.29, 1959.98, 1927.27, 1936.3, 1925.92, 1971.25
2011.48, 1972.44, 1985.29, 1981.86, 1986.04, 2008.94, 1987.11, 1968, 1997.44, 1968, 1962, 2013.87, 1953.24, 1940.4, 1957.05, 1950.92, 1987.85, 1963.46
2047.32, 1961.35, 1999.85, 2007.13, 1982.36, 2028.71, 2008.1, 1974.53, 1988, 1978.63, 1965.89, 2003.38, 1970, 1996.15, 1965.77, 1927.52, 2001.25, 1940.53
2004.47, 2040.34, 2048.48, 1978, 1963.67, 1970, 2001.85, 1988.9, 2002.49, 1968.72, 1989.76, 1978, 1966.42, 1957.13, 1955.5, 1933.21, 1948.77, 1943.07
1967.44, 2054.2, 1972, 2033.32, 1968, 2032.32, 2021.45, 2032, 1966.71, 1989.92, 1951.86, 1977.21, 1970, 1962.24, 1971.68, 1953.18, 1966, 1969
2056.12, 1962, 2037.15, 2050.79, 1969.35, 2014.86, 2009.56, 1996.07, 1988, 1949.44, 1959.95, 2009.21, 1965.16, 1964, 1957.5, 1945.81, 1962.59, 1940.42
1973.71, 2024.75, 2038.41, 1991.62, 1982.63, 1964.4, 1988.15, 2020.87, 2023.74, 1977.62, 1973.9, 2003.38, 1975.5, 1948.76, 1962, 1968.26, 1920.06, 1970
1975.87, 2006.82, 2001.18, 1978, 1988.25, 2016.71, 1990, 1974.79, 1986.41, 1948.72, 2006.76, 1981.91, 1961.89, 1974.76, 1964.94, 1962, 1966, 1970
2003.53, 1962, 2002.23, 2025.42, 2004.63, 2006.38, 1990, 2017.92, 1977.17, 1968, 1993.17, 1993.72, 1961.37, 1951.94, 1955.52, 1943.62, 2008.42, 1935.63
2055.88, 2073.09, 2010.87, 2048.68, 2012.57, 2010.12, 1987.93, 1976.43, 1988, 1986.93, 1950.47, 2009.43, 1963.98, 1938.18, 1954.58, 1963.7, 1953.02, 1919.38
1972.98, 2020.08, 2005.58, 1992.6, 1973.48, 1981.36, 2005.22, 1968, 1993.01, 1994.83, 1992.16, 1991.01, 1985.85, 1953.8, 1972, 1941.89, 1966, 1947.07
2089.81, 1996.81, 2023.85, 2046.6, 1991.36, 1977.86, 2018, 1975.62, 2011.93, 1987.52, 1983.62, 1978, 1972.17, 1974, 1962, 1962, 1935.76, 1970
2088.46, 1983.79, 2051.71, 1978, 1968, 1993.5, 2012.89, 2016.36, 1988, 2002.73, 1990.09, 2000.3, 1969.1, 1972.48, 1969.09, 1962.05, 1947.11, 1935.12
2076.58, 2014.23, 1986.56, 1981.86, 1995.95, 2018.02, 2029.07, 1972.94, 1988, 1968, 1935.87, 1978, 1959.01, 1974, 1958.75, 1931.92, 1987.13, 1962.69
1954.87, 1967.98, 1972, 2005.12, 2008.44, 1968.97, 1990.7, 2012.47, 2000.24, 1992.91, 1962, 1953.17, 1975.28, 1974, 1954.61, 1962, 1978.82, 1907.64
1977.84, 2018.38, 1972, 2022.42, 2024.6, 2006.67, 1999.3, 1950.77, 1988, 1968, 1962, 2003.38, 1970, 1970.29, 1955.78, 1962, 1969.36, 1932.29
1966, 2045.48, 1972, 2008.12, 1999.91, 2014.18, 1990, 1968, 2011.93, 1992.7, 1954.92, 1972.04, 1954.4, 1985.85, 1965.52, 1960.63, 1966, 1952.39
1966, 1962, 1972, 1978, 1968, 1997.36, 2017.41, 1968, 1969.28, 1957.05, 1972.47, 1968, 1976.5, 1936.83, 1962, 1930.49, 1976.31, 1959.83
1966, 1962, 1972, 1978, 1982.34, 1970, 2001.04, 1968, 2037.81, 1968.48, 1998.94, 1990.44, 1970, 1962.35, 1957.52, 1953.34, 1931.24, 1928.61
1966, 1962, 1972, 1978, 1978.82, 1970, 1990, 1968, 2011.93, 1968, 2008.6, 1978, 1970, 1979.93, 1951.14, 1949.3, 1931.18, 1932.3
1966, 1962, 1972, 1978, 1968, 1970, 1990, 1968, 1988, 1968, 2007.76, 1978, 1970, 1966.7, 1962, 1962, 1919.42, 1970
1966, 1962, 1972, 1978, 1968, 1970, 1990, 1968, 1978, 1968, 1978.41, 1978, 1970, 1974, 1962, 1962, 1934.83, 1923.06
1966, 1962, 1972, 1978, 1968, 1970, 1990, 1968, 1988, 1968, 1975.22, 1978, 1970, 1974, 1962, 1962, 1955.02, 1930.78
2091.06, 2081.99, 1972, 1978, 2013.78, 2006.45, 1990, 1968, 1988, 1968, 1962, 1978, 1970, 1974, 1970.02, 1962, 1966, 1942.01
1966, 1962, 2056.26, 2057.04, 1973.48, 2000.31, 2015.82, 1968, 2020.92, 1984.82, 1995.02, 2001.74, 1970.27, 1948.76, 1949.03, 1934.53, 1961.61, 1929.19
2045.39, 2053.35, 2007.32, 2015.51, 1997.03, 1970, 1988.6, 2035.35, 1988, 1968, 1941.09, 1962.56, 1975.93, 1969.28, 1956.25, 1949.91, 1943.73, 1918.23
2024.29, 2053.65, 2042.64, 2049.36, 1972.81, 2000.42, 1976.52, 1991.48, 2030.15, 1980.22, 1995.91, 1953.57, 1992.3, 1966.7, 1953.53, 1949.14, 2007.53, 1947.53
2036.79, 2035.53, 2021.48, 2052.54, 2004.13, 2017.29, 2026.86, 1967.57, 2020.92, 1984.82, 1945.59, 1989.44, 1983.11, 1969.69, 1976.15, 1936.08, 1971.16, 1954.66
2061.86, 2018.75, 2002.23, 2068.01, 1968, 1979.96, 2037.22, 1958.02, 2041.65, 1987.92, 1962, 2036.17, 1976.1, 1974, 1964.28, 1933.25, 1957.76, 1950.55
1997.91, 1981.8, 1978.31, 1978, 2022.76, 1971.61, 2026.86, 2015.4, 1988, 1968, 1962, 1966.36, 1959.44, 1948.16, 1960.37, 1957.71, 1950.19, 1906.39
2090.69, 2088.28, 2063.58, 1979.75, 1999.47, 1963.56, 2017.15, 2006.19, 1988.77, 1982.1, 1983.79, 2003.38, 1945.29, 1959.98, 1919.7, 1936.3, 1925.92, 1958.09
2014.81, 1972.44, 1985.29, 1986.36, 1986.04, 2008.94, 1990.3, 1968, 1997.44, 1968, 1962, 2013.87, 1953.24, 1940.4, 1957.05, 1957.93, 1994.13, 1963.46
2052.27, 1961.35, 2013.01, 2007.13, 1982.36, 2036.76, 2011.29, 1974.53, 1988, 1978.63, 1965.89, 1998.43, 1970, 1996.15, 1965.77, 1934.6, 2013.7, 1940.53
2004.47, 2040.34, 2048.48, 1978, 1963.67, 1970, 2005.04, 1988.9, 2011.48, 1963.14, 1989.76, 1978, 1966.42, 1957.13, 1955.5, 1933.21, 1948.77, 1943.07
1967.44, 2054.2, 1972, 2040.13, 1968, 2032.32, 2021.45, 2019.55, 1966.71, 1978.86, 1951.86, 1977.21, 1970, 1962.24, 1964.11, 1953.18, 1966, 1960.46
2061.08, 1962, 2050.31, 2057.6, 1969.35, 2014.86, 2012.75, 1983.62, 1988, 1949.44, 1951.65, 2009.21, 1976.33, 1964, 1957.5, 1945.81, 1962.59, 1931.88
1973.71, 2024.75, 2042.97, 1998.43, 1975.82, 1972.45, 1988.15, 2014.59, 2027.9, 1972.51, 1973.9, 1998.43, 1975.5, 1945.57, 1962, 1968.26, 1917.13, 1956.84
1975.87, 2000.01, 2001.18, 1978, 1981.44, 2016.71, 1990, 1962.34, 1986.41, 1943.61, 1997.77, 1978.58, 1972.95, 1971.64, 1964.94, 1968.81, 1966, 1970
2003.53, 1962, 2013.61, 2032.23, 2004.63, 2006.38, 1990, 2011.64, 1977.17, 1968, 1984.87, 1988.77, 1972.54, 1948.82, 1955.52, 1943.62, 2014.7, 1935.63
2059.15, 2073.09, 2022.25, 2043.88, 2005.76, 2017.69, 1987.93, 1976.43, 1988, 1986.93, 1950.47, 2006.1, 1963.98, 1935.06, 1954.58, 1970.51, 1953.02, 1906.22
1972.98, 2013.27, 2016.96, 1992.6, 1966.47, 1985.01, 2005.22, 1968, 1993.01, 1983.77, 1992.16, 1991.01, 1997.02, 1953.8, 1972, 1948.7, 1966, 1947.07
2093.08, 1992.31, 2023.85, 2041.8, 1991.36, 1977.86, 2020.99, 1969.34, 2020.23, 1987.52, 1975.32, 1978, 1972.17, 1970.81, 1962, 1962, 1935.76, 1970
2091.73, 1979.29, 2063.09, 1978, 1968, 2001.07, 2012.89, 2016.36, 1988, 1997.62, 1981.1, 2000.3, 1980.16, 1969.36, 1969.09, 1962.05, 1947.11, 1930.56
2079.85, 2009.73, 1986.56, 1981.86, 1988.94, 2021.67, 2029.07, 1972.94, 1988, 1968, 1935.87, 1978, 1970.18, 1974, 1951.18, 1938.73, 1993.41, 1949.53
1954.87, 1967.98, 1972, 2005.12, 2008.44, 1968.97, 1990.7, 2015.4, 2004.4, 1992.91, 1962, 1953.17, 1975.28, 1974, 1954.61, 1962, 1978.82, 1907.64
1977.84, 2013.88, 1972, 2026.92, 2017.59, 2010.32, 1999.3, 1950.77, 1988, 1968, 1962, 2000.05, 1970, 1970.29, 1955.78, 1962, 1969.36, 1932.29
1966, 2045.48, 1972, 2008.12, 1999.91, 2014.18, 1990, 1968, 2020.23, 1992.7, 1954.92, 1972.04, 1954.4, 1985.85, 1957.47, 1960.63, 1966, 1952.39
1966, 1962, 1972, 1978, 1968, 2001.01, 2020.4, 1968, 1969.28, 1951.94, 1972.47, 1968, 1976.5, 1936.83, 1962, 1937.57, 1973.38, 1959.83
1966, 1962, 1972, 1978, 1982.34, 1970, 2001.04, 1968, 2041.97, 1968.48, 1989.95, 1990.44, 1970, 1962.35, 1949.47, 1953.34, 1931.24, 1928.61
1966, 1962, 1972, 1978, 1978.82, 1970, 1990, 1968, 2020.23, 1968, 2000.3, 1978, 1970, 1979.93, 1951.14, 1949.3, 1928.25, 1927.74
1966, 1962, 1972, 1978, 1968, 1970, 1990, 1968, 1988, 1968, 2007.76, 1978, 1970, 1966.7, 1962, 1962, 1919.42, 1970
1966, 1962, 1972, 1978, 1968, 1970, 1990, 1968, 1978, 1968, 1978.41, 1978, 1970, 1974, 1962, 1962, 1934.83, 1923.06
1966, 1962, 1972, 1978, 1968, 1970, 1990, 1968, 1988, 1968, 1975.22, 1978, 1970, 1974, 1962, 1962, 1955.02, 1930.78
2099.49, 2085.94, 1972, 1978, 2013.78, 2006.45, 1990, 1968, 1988, 1968, 1962, 1978, 1970, 1974, 1982.04, 1962, 1966, 1938.79
1966, 1962, 2059.69, 2057.04, 1967.32, 2000.31, 2002.05, 1968, 2014.32, 1991.59, 1995.02, 2001.74, 1970.27, 1948.76, 1949.03, 1942.44, 1966.94, 1929.19
2045.39, 2053.35, 2010.75, 2015.51, 1997.03, 1970, 1974.83, 2035.35, 1988, 1968, 1941.09, 1959.05, 1975.93, 1969.28, 1974.46, 1949.91, 1943.73, 1918.23
2032.72, 2057.6, 2046.07, 2049.36, 1972.81, 2000.42, 1976.52, 1999.67, 2023.55, 1986.99, 1995.91, 1953.57, 1992.3, 1966.7, 1953.53, 1957.05, 2012.94, 1937.05
2045.22, 2039.48, 2021.48, 2052.54, 2004.13, 2017.29, 2013.09, 1975.76, 2014.32, 1991.59, 1945.59, 1989.44, 1983.11, 1969.69, 1976.15, 1936.08, 1976.49, 1951.44
2075.88, 2022.7, 2002.23, 2068.01, 1968, 1979.96, 2037.22, 1958.02, 2027.63, 1994.69, 1962, 2036.17, 1976.1, 1974, 1964.28, 1941.16, 1963.09, 1950.55
1997.91, 1981.8, 1978.31, 1978, 2022.76, 1971.61, 2013.09, 2023.59, 1988, 1968, 1962, 1966.36, 1959.44, 1948.16, 1960.37, 1965.62, 1950.19, 1906.39
2099.12, 2088.28, 2067.01, 1979.75, 1993.31, 1963.56, 2004.43, 2014.38, 1988.77, 1988.87, 1983.79, 2003.38, 1945.29, 1959.98, 1937.91, 1936.3, 1925.92, 1947.61
2023.24, 1972.44, 1985.29, 1986.36, 1979.88, 2008.94, 1977.58, 1968, 1997.44, 1968, 1962, 2013.87, 1953.24, 1940.4, 1969.07, 1965.84, 1999.54, 1963.46
2052.27, 1961.35, 2013.01, 2019.85, 1976.2, 2036.76, 1998.57, 1974.53, 1988, 1978.63, 1965.89, 1994.92, 1970, 1996.15, 1977.79, 1930.65, 2019.03, 1940.53
2004.47, 2032.43, 2048.48, 1978, 1963.67, 1970, 2005.04, 1997.93, 2004.88, 1963.14, 1989.76, 1978, 1966.42, 1957.13, 1955.5, 1933.21, 1948.77, 1943.07
1967.44, 2046.29, 1972, 2058.49, 1968, 2032.32, 2021.45, 2028.58, 1966.71, 1989.34, 1951.86, 1977.21, 1970, 1962.24, 1976.13, 1953.18, 1966, 1957.24
2075.1, 1962, 2053.82, 2070.32, 1969.35, 2014.86, 2000.03, 1983.62, 1988, 1949.44, 1951.65, 2009.21, 1967.3, 1964, 1957.5, 1945.81, 1962.59, 1928.66
1973.71, 2026.77, 2046.48, 2011.15, 1957.61, 1972.45, 1988.15, 2014.59, 2019.47, 1982.99, 1973.9, 1994.92, 1975.5, 1945.57, 1962, 1968.26, 1923.72, 1946.36
1975.87, 2002.03, 2001.18, 1978, 1963.23, 2016.71, 1990, 1971.37, 1986.41, 1943.61, 1992.44, 1975.15, 1963.92, 1971.64, 1964.94, 1966.79, 1966, 1970
2013.42, 1962, 2017.04, 2044.95, 2004.63, 2006.38, 1990, 2011.64, 1977.17, 1968, 1979.46, 1985.26, 1964.35, 1955.59, 1955.52, 1943.62, 2020.11, 1935.63
2059.15, 2075.11, 2025.76, 2043.88, 2005.76, 2017.69, 1975.21, 1976.43, 1988, 1997.41, 1950.47, 2002.59, 1963.98, 1935.06, 1954.58, 1970.51, 1953.02, 1895.74
1972.98, 2015.29, 2020.47, 2010.96, 1948.26, 1985.01, 2005.22, 1973.19, 1984.58, 1994.25, 1992.16, 1991.01, 1987.99, 1960.57, 1972, 1946.68, 1966, 1947.07
2102.97, 1992.31, 2027.36, 2060.16, 1973.15, 1977.86, 2026.66, 1983.56, 2020.23, 1987.52, 1969.91, 1978, 1972.17, 1970.81, 1962, 1962, 1935.76, 1970
2101.62, 1979.29, 2066.15, 1978, 1968, 2001.07, 2018.56, 2016.36, 1988, 2004.05, 1975.77, 2000.3, 1971.13, 1969.36, 1987.3, 1958.1, 1947.11, 1930.56
2089.74, 2009.73, 1986.56, 1981.86, 1976.92, 2024.59, 2029.07, 1972.94, 1988, 1968, 1935.87, 1978, 1961.99, 1974, 1969.39, 1936.71, 1998.82, 1949.53
1954.87, 1967.98, 1972, 2005.12, 1990.23, 1968.97, 1990.7, 2023.59, 2004.4, 1992.91, 1962, 1953.17, 1975.28, 1974, 1966.93, 1962, 1978.82, 1897.16
1977.84, 2005.97, 1972, 2026.92, 2017.59, 2010.32, 1999.3, 1950.77, 1988, 1968, 1962, 1996.62, 1970, 1970.29, 1968.1, 1962, 1969.36, 1932.29
1966, 2045.48, 1972, 2008.12, 1999.91, 2014.18, 1990, 1968, 2006.21, 1992.7, 1954.92, 1972.04, 1954.4, 1985.85, 1969.79, 1960.63, 1972.59, 1945.62
1966, 1962, 1972, 1978, 1968, 2001.01, 2020.4, 1968, 1969.28, 1962.42, 1972.47, 1968, 1976.5, 1936.83, 1962, 1933.62, 1973.38, 1959.83
1966, 1962, 1972, 1978, 1982.34, 1970, 2001.04, 1968, 2033.54, 1968.48, 1984.62, 1990.44, 1970, 1962.35, 1949.47, 1953.34, 1931.24, 1928.61
1966, 1962, 1972, 1978, 1972.66, 1970, 1990, 1968, 2006.21, 1968, 1994.89, 1978, 1970, 1979.93, 1951.14, 1949.3, 1934.84, 1920.97
1966, 1962, 1972, 1978, 1968, 1970, 1990, 1968, 1988, 1968, 2007.76, 1978, 1970, 1966.7, 1962, 1962, 1919.42, 1970
1966, 1962, 1972, 1978, 1968, 1970, 1990, 1968, 1963.98, 1968, 1973, 1978, 1970, 1974, 1962, 1962, 1934.83, 1923.06
1966, 1962, 1972, 1978, 1968, 1970, 1990, 1968, 1988, 1968, 1975.22, 1978, 1970, 1974, 1962, 1962, 1955.02, 1930.78
2107.83, 2088.14, 1972, 1978, 2017.34, 2006.45, 1990, 1968, 1988, 1968, 1962, 1978, 1970, 1974, 1982.04, 1962, 1966, 1938.79
1966, 1962, 2064.18, 2062.18, 1967.32, 2000.31, 2005.84, 1968, 2023.25, 1997.44, 1995.02, 2007.27, 1975.34, 1957.03, 1956.18, 1947.35, 1970.79, 1929.19
2053.73, 2055.55, 2015.24, 2019.37, 2000.59, 1970, 1978.62, 2035.35, 1988, 1968, 1941.09, 1964.58, 1981, 1977.55, 1981.61, 1949.91, 1943.73, 1918.23
2041.06, 2059.8, 2050.56, 2054.5, 1972.81, 2000.42, 1976.52, 1999.67, 2032.48, 1992.84, 1995.91, 1949.39, 1992.3, 1966.7, 1953.53, 1961.96, 2012.94, 1937.05
2045.22, 2039.48, 2025.97, 2052.54, 2004.13, 2013.43, 2016.88, 1975.76, 2023.25, 1997.44, 1945.59, 1994.97, 1988.18, 1977.96, 1976.15, 1940.99, 1980.34, 1951.44
2084.22, 2024.9, 2002.23, 2068.01, 1968, 1979.96, 2037.22, 1958.02, 2031.81, 1994.69, 1962, 2036.17, 1981.17, 1974, 1971.43, 1941.16, 1966.94, 1950.55
1997.91, 1981.8, 1978.31, 1978, 2022.76, 1971.61, 2016.88, 2023.59, 1988, 1968, 1962, 1966.36, 1964.51, 1948.16, 1960.37, 1970.53, 1950.19, 1906.39
2099.12, 2090.48, 2071.5, 1979.75, 1996.87, 1963.56, 2008.61, 2014.38, 1988.77, 1988.87, 1983.79, 2008.91, 1945.29, 1968.25, 1945.06, 1936.3, 1931.36, 1944.54
2031.58, 1972.44, 1985.29, 1991.5, 1982.95, 2008.94, 1981.76, 1962.11, 1997.44, 1968, 1962, 2013.87, 1953.24, 1940.4, 1964.89, 1970.75, 2004.98, 1963.46
2056.87, 1961.35, 2013.01, 2019.85, 1979.76, 2036.76, 2002.75, 1974.53, 1988, 1978.63, 1965.89, 2000.45, 1970, 1993.89, 1984.94, 1925.21, 2022.88, 1940.53
2004.47, 2027.83, 2048.48, 1978, 1963.67, 1970, 2005.04, 1992.04, 2013.81, 1968.99, 1989.76, 1978, 1971.86, 1965.4, 1955.5, 1933.21, 1948.77, 1943.07
1967.44, 2037.95, 1972, 2058.49, 1968, 2032.32, 2021.45, 2028.58, 1966.71, 1995.23, 1951.86, 1977.21, 1970, 1959.98, 1976.13, 1953.18, 1966, 1957.24
2079.7, 1962, 2056.08, 2074.18, 1969.35, 2011, 2004.21, 1983.62, 1988, 1955.33, 1951.65, 2009.21, 1972.74, 1964, 1957.5, 1945.81, 1962.59, 1928.66
1973.71, 2022.17, 2048.74, 2015.01, 1960.68, 1972.45, 1992.33, 2014.59, 2023.65, 1988.88, 1973.9, 1990.74, 1975.5, 1943.31, 1962, 1968.26, 1929.16, 1943.29
1975.87, 1997.43, 2001.18, 1978, 1966.3, 2016.71, 1990, 1965.48, 1986.41, 1943.61, 1987, 1970.97, 1969.36, 1971.64, 1964.94, 1961.35, 1966, 1970
2018.02, 1962, 2019.3, 2048.81, 2004.63, 2006.38, 1990, 2011.64, 1977.17, 1968, 1974.02, 1981.08, 1964.35, 1951.1, 1955.52, 1943.62, 2025.55, 1935.63
2063.75, 2075.11, 2028.02, 2047.74, 2008.36, 2017.69, 1975.21, 1976.43, 1988, 2003.3, 1950.47, 1998.41, 1963.98, 1932.8, 1954.58, 1970.51, 1953.02, 1892.67
1970.78, 2006.95, 2020.47, 2014.54, 1948.26, 1981.15, 2005.22, 1973.19, 1988.76, 1994.25, 1992.16, 1991.01, 1993.36, 1958.31, 1972, 1941.24, 1966, 1947.07
2102.97, 1992.31, 2029.62, 2063.74, 1973.15, 1977.86, 2019.51, 1977.71, 2020.23, 1987.52, 1964.47, 1978, 1977.61, 1970.81, 1962, 1962, 1935.76, 1970
2106.22, 1979.29, 2057.88, 1978, 1968, 1997.21, 2018.56, 2010.51, 1988, 2009.54, 1970.7, 1991.37, 1971.13, 1969.36, 1983.12, 1954.25, 1947.11, 1927
2089.74, 2009.73, 1986.56, 1981.86, 1976.92, 2019.45, 2029.07, 1972.94, 1988, 1968, 1935.87, 1978, 1967.36, 1974, 1965.21, 1931.27, 2004.26, 1949.53
1954.87, 1967.98, 1972, 2005.12, 1990.23, 1968.97, 1990.7, 2023.59, 1998.87, 1992.91, 1962, 1953.17, 1975.28, 1974, 1963.14, 1962, 1978.82, 1894.09
1977.84, 1997.63, 1972, 2032.06, 2017.59, 2006.46, 1999.3, 1950.77, 1988, 1968, 1962, 1996.62, 1970, 1970.29, 1964.31, 1962, 1969.36, 1932.29
1966, 2045.48, 1972, 2008.12, 2002.51, 2014.18, 1990, 1968, 2010.39, 1992.7, 1954.92, 1972.04, 1954.4, 1985.85, 1966, 1960.63, 1967.68, 1945.62
1966, 1962, 1972, 1978, 1971.07, 2001.01, 2013.25, 1968, 1969.28, 1968.31, 1972.47, 1968, 1976.5, 1936.83, 1962, 1933.62, 1973.38, 1959.83
1966, 1962, 1972, 1978, 1985.41, 1970, 2001.04, 1968, 2028.01, 1974.33, 1984.62, 1990.44, 1970, 1962.35, 1949.47, 1949.49, 1931.24, 1928.61
1966, 1962, 1972, 1978, 1972.66, 1970, 1990, 1968, 2006.21, 1968, 1989.45, 1978, 1970, 1979.93, 1951.14, 1949.3, 1929.93, 1920.97
1966, 1962, 1972, 1978, 1968, 1970, 1990, 1968, 1988, 1968, 2007.76, 1978, 1970, 1966.7, 1962, 1962, 1919.42, 1966.44
1966, 1962, 1972, 1978, 1968, 1970, 1990, 1968, 1958.45, 1968, 1967.56, 1978, 1970, 1974, 1962, 1962, 1934.83, 1919.99
1966, 1962, 1972, 1978, 1968, 1970, 1990, 1968, 1988, 1968, 1970.15, 1978, 1970, 1974, 1962, 1962, 1955.02, 1930.78
2109.85, 2088.78, 1970.03, 1976.02, 2027.27, 2004.44, 1988.01, 1966.03, 1986.01, 1966.03, 1960.04, 1976.02, 1968.03, 1972.03, 1980.06, 1960.04, 1964.03, 1936.85
1964.03, 1960.04, 2039.78, 2049.85, 1965.35, 1996.9, 2013.47, 1966.03, 2009.37, 1990, 2012.98, 1990.24, 1977.05, 1944.89, 1956.18, 1972.52, 1960.58, 1961.31
2051.68, 2053.49, 1992.55, 2030.28, 2011.7, 1968.03, 1976.64, 2032.78, 1986.01, 1966.03, 1939.15, 1962.62, 1982.69, 1965.12, 1988.65, 1947.96, 1941.79, 1950.29
2039.02, 2060.64, 2027.87, 2043.34, 1970.84, 1996.86, 1974.54, 1997.1, 2018.76, 1985.8, 2015.22, 1933.3, 1990.31, 1964.73, 1951.58, 1986.54, 2004.78, 1935.11
2043.17, 2040.32, 2003.28, 2050.49, 2002.13, 2009.87, 2024.26, 1973.78, 2009.53, 1990.09, 1964.9, 1978.9, 1989.87, 1965.53, 1974.17, 1939.05, 1978.36, 1949.49
2082.14, 2022.88, 2000.23, 2065.94, 1979.11, 1977.98, 2044.6, 1956.06, 2022.37, 1987.34, 1960.04, 2034.13, 1982.86, 1972.03, 1969.46, 1965.74, 1955.97, 1948.6
2000.83, 1982.64, 1976.33, 1976.02, 2020.74, 1969.64, 2024.26, 2021.02, 1986.01, 1966.03, 1960.04, 1950.29, 1966.2, 1946.21, 1958.41, 1995.11, 1948.24, 1935.38
2102.04, 2088.39, 2048.81, 1977.77, 2007.98, 1961.6, 2015.99, 1984.17, 1986.78, 1986.88, 1981.81, 1992.84, 1943.34, 1955.82, 1952.1, 1934.36, 1929.43, 1942.6
2029.55, 1970.47, 1983.3, 1980.34, 1978.06, 2005.38, 1979.78, 1931.9, 1988, 1966.03, 1960.04, 1997.78, 1951.29, 1938.46, 1964.89, 1995.33, 2007.8, 1961.5
2052.73, 1959.39, 2011, 2017.83, 1977.78, 2033.2, 2006.89, 1944.32, 1986.01, 1976.65, 1985.2, 1984.36, 1968.03, 1991.9, 1984.94, 1927.78, 2011.91, 1938.59
2002.47, 2043.9, 2046.43, 1976.02, 1961.71, 1968.03, 2002.12, 1961.83, 2000.09, 1961.95, 1987.77, 1976.02, 1942.87, 1952.97, 1953.54, 1931.28, 1946.82, 1941.13
1965.47, 2054.02, 1970.03, 2081.18, 1966.03, 2046.04, 2019.43, 2026.55, 1964.74, 1988.19, 1949.91, 1975.23, 1968.03, 1970.95, 1976.13, 1951.23, 1964.03, 1989.3
2077.62, 1960.04, 2045.18, 2085.08, 1967.38, 2034.16, 2008.35, 1959.04, 1986.01, 1953.37, 1956.54, 1993.12, 1943.75, 1962.04, 1955.54, 1943.86, 1960.63, 1960.72
1976.63, 2038.26, 2059.9, 2025.92, 1955.79, 1970.48, 1990.34, 2012.58, 2021.63, 1988.88, 1971.93, 1988.75, 1973.52, 1940.49, 1960.04, 1966.29, 1941.59, 1941.35
1968.49, 2013.52, 1999.18, 1976.02, 1946.99, 2014.69, 1988.01, 1940.9, 1989.97, 1941.67, 1991.89, 1969, 1940.37, 1969.67, 1962.97, 1991.56, 1964.03, 1998.99
2016, 1960.04, 2008.4, 2059.72, 2002.63, 2004.37, 1988.01, 1981.43, 1975.19, 1966.03, 1972.05, 1979.1, 1962.39, 1948.28, 1953.56, 1941.68, 2028.37, 1933.69
2056.37, 2091.2, 2039.18, 2045.69, 2006.35, 2027.13, 1973.23, 1974.45, 1986.01, 1996.26, 1948.52, 1996.41, 1962.02, 1929.98, 1952.63, 1968.54, 1951.07, 1921.66
1963.4, 2004.94, 2018.45, 2037.23, 1946.31, 1979.17, 2002.3, 1971.22, 1979.32, 1992.26, 1997.05, 1990.17, 1961.3, 1956.35, 1979.04, 1971.45, 1964.03, 1945.12
2100.87, 2008.4, 2018.71, 2086.43, 1953.84, 1975.88, 2023.65, 1975.73, 2018.21, 1980.17, 1969.36, 1976.02, 1948.62, 1968.84, 1960.04, 1960.04, 1933.82, 1968.03
2102.08, 1995.36, 2069.04, 1976.02, 1966.03, 2010.93, 2016.54, 2008.5, 1986.01, 2009.54, 1959.59, 1989.38, 1969.16, 1967.39, 1990.16, 1952.3, 1945.16, 1925.31
2087.65, 2007.72, 1984.57, 1979.88, 1974.94, 2033.17, 2027.04, 1970.97, 1986.01, 1966.03, 1933.93, 1977.16, 1935.3, 1984.97, 1963.24, 1961.48, 2007.08, 1947.58
1950.73, 1966.01, 1970.03, 2003.11, 1988.24, 1967, 1988.71, 2020.98, 2002.43, 1990.92, 1960.04, 1951.22, 1973.3, 1972.03, 1970.49, 1960.04, 1976.84, 1923.08
1980.76, 1995.63, 1970.03, 2020.9, 2012.7, 2004.45, 1997.3, 1948.82, 1986.01, 1966.03, 1960.04, 1995.78, 1968.03, 1968.32, 1971.66, 1960.04, 1981.79, 1930.36
1964.03, 2043.43, 1970.03, 2006.11, 1983.2, 2012.17, 1988.01, 1966.03, 2000.95, 1990.71, 1943.81, 1970.07, 1952.45, 1983.86, 1973.35, 1958.67, 1965.71, 1943.67
1964.03, 1960.04, 1970.03, 1976.02, 1969.1, 1999.01, 2010.33, 1966.03, 1967.31, 1968.31, 1970.5, 1966.03, 1974.52, 1947.8, 1960.04, 1936.19, 1971.41, 1957.87
1964.03, 1960.04, 1970.03, 1976.02, 1980.52, 1968.03, 1999.04, 1966.03, 2031.57, 1972.36, 1982.64, 1988.45, 1968.03, 1960.39, 1947.52, 1952.06, 1929.31, 1926.68
1964.03, 1960.04, 1970.03, 1976.02, 1970.69, 1968.03, 1988.01, 1966.03, 2004.2, 1966.03, 1994.34, 1976.02, 1968.03, 1977.95, 1949.19, 1947.35, 1942.36, 1919.05
1964.03, 1960.04, 1970.03, 1976.02, 1966.03, 1968.03, 1988.01, 1966.03, 1986.01, 1966.03, 2005.75, 1976.02, 1968.03, 1964.73, 1960.04, 1960.04, 1917.5, 1964.75
1964.03, 1960.04, 1970.03, 1976.02, 1966.03, 1968.03, 1988.01, 1966.03, 1956.49, 1966.03, 1965.59, 1976.02, 1968.03, 1972.03, 1960.04, 1960.04, 1932.9, 1948.98
1964.03, 1960.04, 1970.03, 1976.02, 1966.03, 1968.03, 1988.01, 1966.03, 1986.01, 1966.03, 1968.18, 1976.02, 1968.03, 1972.03, 1960.04, 1960.04, 1953.07, 1928.85
